[ 0.00017522 -0.00010981]
[ 0.00017313 -0.00010408]
[ 1.70530476e-04 -9.84619335e-05]
[ 1.67424468e-04 -9.29488944e-05]
[ 1.63831166e-04 -8.75432554e-05]
[ 1.59775406e-04 -8.22460275e-05]
[ 1.55278106e-04 -7.70645903e-05]
[ 1.50344012e-04 -7.19869644e-05]
[ 1.45009556e-04 -6.70297798e-05]
[ 1.39292239e-04 -6.21845284e-05]
[ 1.33202404e-04 -5.74489414e-05]
[ 1.26765039e-04 -5.28350016e-05]
[ 1.19997472e-04 -4.83356445e-05]
[ 1.12916044e-04 -4.39507169e-05]
[ 1.05549928e-04 -3.96883226e-05]
[ 9.79046315e-05 -3.55438874e-05]
[ 9.00058464e-05 -3.15179812e-05]
[ 8.18790667e-05 -2.76169981e-05]
[ 7.35258957e-05 -2.38344782e-05]
[ 6.49735276e-05 -2.01775445e-05]
[ 5.62413726e-05 -1.66467041e-05]
[ 4.73494534e-05 -1.32385370e-05]
[ 3.83176462e-05 -9.95958526e-06]
[ 2.91527016e-05 -6.80767478e-06]
[ 1.98867468e-05 -3.78168579e-06]
[ 1.05202392e-05 -8.91487067e-07]
[1.09306390e-06 1.87021913e-06]
[-8.38176687e-06  4.50040792e-06]
[-1.78987466e-05  6.99502462e-06]
[-2.74269444e-05  9.35412413e-06]
[-3.69543359e-05  1.15761097e-05]
[-4.64618552e-05  1.36641857e-05]
[-5.59309216e-05  1.56062785e-05]
[-6.53371389e-05  1.74124772e-05]
[-7.4669789e-05  1.9074111e-05]
[-8.39026433e-05  2.05915213e-05]
[-9.30302048e-05  2.19642878e-05]
[-1.02016535e-04  2.31897148e-05]
[-1.10850807e-04  2.42642906e-05]
[-1.19519882e-04  2.51907762e-05]
[-1.27997227e-04  2.59641027e-05]
[-1.36267194e-04  2.65842016e-05]
[-1.44307824e-04  2.70461865e-05]
[-1.52104935e-04  2.73511714e-05]
[-1.59631953e-04  2.74947937e-05]
[-1.66871508e-04  2.74773693e-05]
[-1.73808344e-04  2.72939073e-05]
[-1.80421259e-04  2.69438648e-05]
[-1.86683915e-04  2.64267823e-05]
[-1.92582750e-04  2.57362837e-05]
[-1.98092200e-04  2.48736857e-05]
[-2.03197672e-04  2.38327255e-05]
[-2.07875982e-04  2.26129056e-05]
[-2.12103413e-04  2.12129405e-05]
[-2.15863365e-04  1.96267893e-05]
[-2.19130347e-04  1.78539396e-05]
[-2.21882101e-04  1.58898858e-05]
[-2.24100035e-04  1.37320589e-05]
[-2.25764485e-04  1.13775710e-05]
[-2.26844673e-04  8.82178119e-06]
[-2.27326825e-04  6.06115824e-06]
[-2.27189685e-04  3.09197362e-06]
[-2.26402588e-04 -8.69363328e-08]
[-2.24942771e-04 -3.48269659e-06]
[-2.22796016e-04 -7.09747110e-06]
[-2.19925671e-04 -1.09371733e-05]
[-2.16320525e-04 -1.50057030e-05]
[-2.11942737e-04 -1.93046948e-05]
[-2.06784497e-04 -2.38455244e-05]
[-2.00804643e-04 -2.86274994e-05]
[-1.93995191e-04 -3.36596248e-05]
[-1.86326613e-04 -3.89425700e-05]
[-1.77769562e-04 -4.44863880e-05]
[-1.68293985e-04 -5.02941155e-05]
[-1.57890315e-04 -5.63746011e-05]
[-1.46520317e-04 -6.27324544e-05]
[-1.34177492e-04 -6.93752448e-05]
[-1.20808139e-04 -7.63084906e-05]
[-1.06418738e-04 -8.35414107e-05]
[-9.09705422e-05 -9.10801532e-05]
[-7.44360409e-05 -9.89306950e-05]
[-5.68036727e-05 -1.07104497e-04]
[-3.80450662e-05 -1.15608547e-04]
[-1.81427445e-05 -1.24452188e-04]
[ 2.92712953e-06 -1.33641248e-04]
[ 2.51820770e-05 -1.43192157e-04]
[ 4.86461123e-05 -1.53106277e-04]
[ 7.33252312e-05 -1.63398120e-04]
[ 9.92380734e-05 -1.74078675e-04]
[ 0.0001264  -0.00018516]
[ 0.00015482 -0.00019665]
[ 0.0001845  -0.00020857]
[ 0.00020477 -0.00022199]
[ 0.0002259  -0.00023581]
[ 0.00024788 -0.00025   ]
[ 0.0002707 -0.0002646]
[ 0.00029435 -0.00027962]
[ 0.00031877 -0.00029505]
[ 0.00034396 -0.00031092]
[ 0.00036987 -0.00032724]
[ 0.00039644 -0.00034402]
[ 0.00042364 -0.00036128]
[ 0.00045139 -0.00037902]
[ 0.00047961 -0.00039726]
[ 0.00050824 -0.00041602]
[ 0.00053715 -0.00043531]
[ 0.00056625 -0.00045514]
[ 0.0005954  -0.00047553]
[ 0.00062447 -0.00049649]
[ 0.0006533  -0.00051804]
[ 0.0006817  -0.00054019]
[ 0.00070947 -0.00056296]
[ 0.00073058 -0.00058525]
[ 0.0007404  -0.00060619]
[ 0.00074576 -0.00062712]
[ 0.00074641 -0.00064802]
[ 0.0007421  -0.00066887]
[ 0.00073255 -0.00068965]
[ 0.0007175  -0.00071034]
[ 0.00069664 -0.00073093]
[ 0.00066968 -0.00075137]
[ 0.00063631 -0.00077165]
[ 0.00059623 -0.00079174]
[ 0.00054915 -0.00081161]
[ 0.00049475 -0.00083122]
[ 0.00043273 -0.00085054]
[ 0.00036281 -0.00086953]
[ 0.00028471 -0.00088815]
[ 0.00019817 -0.00090637]
[ 0.00010299 -0.00092413]
[-1.06086683e-06 -9.41395824e-04]
[-0.00011413 -0.00095812]
[-0.00023632 -0.00097424]
[-0.00036769 -0.00098973]
[-0.00050827 -0.00100452]
[-0.00065798 -0.00101857]
[-0.00081669 -0.00103183]
[-0.00098421 -0.00104424]
[-0.00116022 -0.00105576]
[-0.00134434 -0.00106634]
[-0.00153614 -0.00107593]
[-0.00173504 -0.00108451]
[-0.00194042 -0.00109202]
[-0.00215155 -0.00109844]
[-0.00236763 -0.00110373]
[-0.00258782 -0.00110789]
[-0.00281116 -0.00111089]
[-0.00303669 -0.00111273]
[-0.00326342 -0.0011134 ]
[-0.00349029 -0.00111291]
[-0.0037163  -0.00111128]
[-0.00394041 -0.00110853]
[-0.00416162 -0.00110469]
[-0.00437898 -0.00109979]
[-0.00459158 -0.00109389]
[-0.0047986  -0.00108701]
[-0.00499927 -0.00107923]
[-0.00519292 -0.0010706 ]
[-0.00537896 -0.00106118]
[-0.00555691 -0.00105105]
[-0.00572636 -0.00104026]
[-0.00588704 -0.00102889]
[-0.00603873 -0.00101701]
[-0.00618131 -0.00100469]
[-0.00631476 -0.00099201]
[-0.00643914 -0.00097902]
[-0.00655455 -0.00096581]
[-0.00666115 -0.00095243]
[-0.00675919 -0.00093894]
[-0.00684897 -0.00092542]
[-0.00693076 -0.00091191]
[-0.00700493 -0.00089847]
[-0.00707186 -0.00088515]
[-0.00713191 -0.000872  ]
[-0.00718549 -0.00085906]
[-0.00723299 -0.00084637]
[-0.00727482 -0.00083397]
[-0.00731137 -0.0008219 ]
[-0.00734305 -0.00081019]
[0. 0.]
