[-0.00072215  0.00195977]
[-0.00069161  0.00196256]
[-0.00066105  0.00196506]
[-0.00063046  0.00196727]
[-0.00059985  0.0019692 ]
[-0.00056923  0.00197084]
[-0.00053861  0.00197218]
[-0.00050797  0.00197324]
[-0.00047734  0.001974  ]
[-0.00044671  0.00197447]
[-0.00041608  0.00197465]
[-0.00038548  0.00197454]
[-0.00035488  0.00197413]
[-0.00032431  0.00197344]
[-0.00029377  0.00197245]
[-0.00026325  0.00197117]
[-0.00023277  0.00196961]
[-0.00020233  0.00196775]
[-0.00017194  0.0019656 ]
[-0.00014159  0.00196316]
[-0.0001113   0.00196044]
[-8.10588013e-05  1.95743189e-03]
[-5.08843582e-05  1.95413635e-03]
[-2.07690803e-05  1.95055625e-03]
[9.26660138e-06 1.94669564e-03]
[3.92351534e-05 1.94254924e-03]
[6.91215155e-05 1.93812624e-03]
[9.89303620e-05 1.93342277e-03]
[0.00012865 0.00192844]
[0.00015829 0.00192319]
[0.00018783 0.00191766]
[0.00021727 0.00191186]
[0.00024661 0.00190579]
[0.00027585 0.00189945]
[0.00030499 0.00189285]
[0.00033402 0.00188599]
[0.00036293 0.00187886]
[0.00039172 0.00187147]
[0.00042041 0.00186383]
[0.00044896 0.00185594]
[0.0004774  0.00184779]
[0.00050571 0.0018394 ]
[0.00053389 0.00183076]
[0.00056194 0.00182189]
[0.00058986 0.00181276]
[0.00061765 0.00180341]
[0.0006453  0.00179382]
[0.00067281 0.001784  ]
[0.00070018 0.00177395]
[0.00072742 0.00176368]
[0.00075452 0.00175319]
[0.00078148 0.00174248]
[0.00080829 0.00173155]
[0.00083496 0.00172042]
[0.00086148 0.00170907]
[0.00088787 0.00169753]
[0.00091411 0.00168578]
[0.00094021 0.00167384]
[0.00096616 0.0016617 ]
[0.00099197 0.00164938]
[0.00101763 0.00163686]
[0.00104316 0.00162417]
[0.00106854 0.00161129]
[0.00109378 0.00159825]
[0.00111888 0.00158503]
[0.00114384 0.00157164]
[0.00116866 0.00155809]
[0.00119335 0.00154438]
[0.0012179  0.00153052]
[0.00124231 0.0015165 ]
[0.0012666  0.00150233]
[0.00129075 0.00148802]
[0.00131477 0.00147357]
[0.00133867 0.00145899]
[0.00136243 0.00144427]
[0.00138608 0.00142942]
[0.0014096  0.00141445]
[0.001433   0.00139935]
[0.00145628 0.00138414]
[0.00147944 0.00136882]
[0.00150249 0.00135339]
[0.00152542 0.00133785]
[0.00154824 0.00132222]
[0.00157094 0.00130648]
[0.00159354 0.00129066]
[0.00161602 0.00127474]
[0.0016384  0.00125874]
[0.00166066 0.00124267]
[0.00168281 0.00122651]
[0.00170485 0.00121028]
[0.00172679 0.00119398]
[0.0017486  0.00117763]
[0.00177031 0.0011612 ]
[0.0017919  0.00114473]
[0.00181337 0.0011282 ]
[0.00183471 0.00111163]
[0.00185593 0.00109502]
[0.001877   0.00107837]
[0.00189794 0.00106168]
[0.00191873 0.00104497]
[0.00193936 0.00102823]
[0.00195982 0.00101147]
[0.0019801  0.00099471]
[0.00200018 0.00097793]
[0.00202004 0.00096115]
[0.00203968 0.00094437]
[0.00205907 0.00092759]
[0.00207819 0.00091084]
[0.002097  0.0008941]
[0.0021155  0.00087739]
[0.00213364 0.00086071]
[0.0021514  0.00084406]
[0.00216873 0.00082747]
[0.00218559 0.00081093]
[0.00220195 0.00079445]
[0.00221774 0.00077804]
[0.00223292 0.0007617 ]
[0.00224745 0.00074546]
[0.00226125 0.00072931]
[0.00227425 0.00071327]
[0.0022864  0.00069735]
[0.00229762 0.00068155]
[0.00230782 0.0006659 ]
[0.00231694 0.0006504 ]
[0.00232487 0.00063506]
[0.00233154 0.00061991]
[0.00233684 0.00060495]
[0.00234069 0.00059021]
[0.00234299 0.00057569]
[0.00234363 0.00056141]
[0.00234254 0.0005474 ]
[0.00233959 0.00053367]
[0.00233472 0.00052023]
[0.00232781 0.00050712]
[0.00231881 0.00049435]
[0.00230762 0.00048194]
[0.00229418 0.00046991]
[0.00227845 0.00045829]
[0.00226037 0.00044709]
[0.00223993 0.00043635]
[0.00221713 0.00042607]
[0.00219194 0.00041628]
[0.00216442 0.000407  ]
[0.00213462 0.00039826]
[0.00210259 0.00039006]
[0.00206846 0.00038244]
[0.00203229 0.00037539]
[0.00199425 0.00036894]
[0.00195447 0.00036311]
[0.00191314 0.00035789]
[0.0018704 0.0003533]
[0.00182648 0.00034935]
[0.00178156 0.00034602]
[0.00173584 0.00034334]
[0.00168956 0.00034129]
[0.00164289 0.00033988]
[0.00159605 0.00033909]
[0.00154925 0.00033891]
[0.00150267 0.00033934]
[0.00145648 0.00034036]
[0.00141086 0.00034196]
[0.00136594 0.00034412]
[0.00132188 0.00034683]
[0.00127879 0.00035006]
[0.00123677 0.00035379]
[0.00119591 0.00035801]
[0.00115628 0.00036269]
[0.00111793 0.00036782]
[0.00108091 0.00037336]
[0.00104523 0.0003793 ]
[0.00101093 0.00038562]
[0.000978  0.0003923]
[0.00094643 0.0003993 ]
[0.00091619 0.00040663]
[0.00088729 0.00041424]
[0.00085967 0.00042213]
[0.00083332 0.00043027]
[0.00080818 0.00043865]
[0.0007842  0.00044724]
[0.00076136 0.00045604]
[0.00073959 0.00046502]
[0.00071884 0.00047417]
[0.00069907 0.00048347]
[0.00068023 0.00049292]
[0.00066225 0.00050248]
[0.0006451  0.00051217]
[0.00062873 0.00052195]
[0.00061308 0.00053182]
[0.0005981  0.00054177]
[0.00058377 0.00055179]
[0.00057002 0.00056187]
[0.00055682 0.00057199]
[0.00054412 0.00058216]
[0.0005319  0.00059235]
[0.0005201  0.00060257]
[0.00050871 0.0006128 ]
[0.00049767 0.00062304]
[0.00048698 0.00063328]
[0.00047659 0.00064352]
[0.00046646 0.00065374]
[0.00045659 0.00066395]
[0.00044694 0.00067414]
[0.00043749 0.00068429]
[0.00042822 0.00069442]
[0.0004191 0.0007045]
[0.00041012 0.00071454]
[0.00040127 0.00072454]
[0.00039251 0.00073448]
[0.00038384 0.00074437]
[0.00037524 0.0007542 ]
[0.00036669 0.00076397]
[0.00035819 0.00077367]
[0.00034973 0.0007833 ]
[0.00034129 0.00079286]
[0.00033285 0.00080234]
[0.00032441 0.00081174]
[0.00031597 0.00082106]
[0.00030751 0.0008303 ]
[0.00029903 0.00083945]
[0.00029051 0.00084851]
[0.00028195 0.00085747]
[0.00027335 0.00086634]
[0.00026469 0.00087511]
[0.00025599 0.00088379]
[0.00024722 0.00089236]
[0.00023839 0.00090083]
[0.00022949 0.00090919]
[0.00022051 0.00091744]
[0.00021147 0.00092558]
[0.00020234 0.00093361]
[0.00019313 0.00094153]
[0.00018384 0.00094933]
[0.00017447 0.00095701]
[0.00016501 0.00096457]
[0.00015546 0.000972  ]
[0.00014582 0.00097932]
[0.00013609 0.00098651]
[0.00012627 0.00099357]
[0.00011636 0.0010005 ]
[0.00010636 0.0010073 ]
[9.62682393e-05 1.01397355e-03]
[8.60842573e-05 1.02050880e-03]
[7.58110732e-05 1.02691192e-03]
[6.54445980e-05 1.03317743e-03]
[5.49933518e-05 1.03930177e-03]
[4.44520461e-05 1.04529148e-03]
[3.38206977e-05 1.05113683e-03]
[2.31059260e-05 1.05684254e-03]
[1.23037207e-05 1.06240325e-03]
[1.41854550e-06 1.06781704e-03]
[-9.55231487e-06  1.07308561e-03]
[-2.05964717e-05  1.07820917e-03]
[-3.17239280e-05  1.08317958e-03]
[-4.29281893e-05  1.08800216e-03]
[-5.42032170e-05  1.09267471e-03]
[-6.55542580e-05  1.09719245e-03]
[-7.69780066e-05  1.10156017e-03]
[-8.84636188e-05  1.10577258e-03]
[-0.00010002  0.00110982]
[-0.00011163  0.00111373]
[-0.0001233   0.00111747]
[-0.00013503  0.00112105]
[-0.00014682  0.00112447]
[-0.00015865  0.00112774]
[-0.00017053  0.00113084]
[-0.00018246  0.00113378]
[-0.00019443  0.00113656]
[-0.00020643  0.00113917]
[-0.00021847  0.00114162]
[-0.00023053  0.00114391]
[-0.00024263  0.00114603]
[-0.00025475  0.00114798]
[-0.00026688  0.00114977]
[-0.00027904  0.0011514 ]
[-0.0002912   0.00115285]
[-0.00030337  0.00115414]
[-0.00031554  0.00115526]
[-0.00032772  0.00115621]
[-0.00033988  0.001157  ]
[-0.00035204  0.00115762]
[-0.00036419  0.00115807]
[-0.00037632  0.00115835]
[-0.00038842  0.00115846]
[-0.0004005   0.00115841]
[-0.00041255  0.00115819]
[-0.00042456  0.0011578 ]
[-0.00043653  0.00115724]
[-0.00044846  0.00115652]
[-0.00046034  0.00115563]
[-0.00047217  0.00115458]
[-0.00048393  0.00115335]
[-0.00049564  0.00115197]
[-0.00050728  0.00115042]
[-0.00051884  0.0011487 ]
[-0.00053033  0.00114682]
[-0.00054174  0.00114479]
[-0.00055307  0.00114259]
[-0.00056429  0.00114022]
[-0.00057543  0.00113771]
[-0.00058647  0.00113503]
[-0.00059741  0.0011322 ]
[-0.00060823  0.00112921]
[-0.00061894  0.00112607]
[-0.00062953  0.00112277]
[-0.00064001  0.00111932]
[-0.00065035  0.00111572]
[-0.00066056  0.00111198]
[-0.00067064  0.00110808]
[-0.00068058  0.00110404]
[-0.00069036  0.00109986]
[-0.00070001  0.00109553]
[-0.00070949  0.00109107]
[-0.00071883  0.00108647]
[-0.00072799  0.00108172]
[-0.00073699  0.00107685]
[-0.00074582  0.00107185]
[-0.00075447  0.00106671]
[-0.00076295  0.00106145]
[-0.00077124  0.00105606]
[-0.00077935  0.00105055]
[-0.00078726  0.00104492]
[-0.00079498  0.00103916]
[-0.0008025  0.0010333]
[-0.00080981  0.00102731]
[-0.00081692  0.00102122]
[-0.00082382  0.00101502]
[-0.0008305   0.00100872]
[-0.00083696  0.00100231]
[-0.00084321  0.0009958 ]
[-0.00084923  0.00098919]
[-0.00085501  0.00098249]
[-0.00086057  0.00097569]
[-0.00086589  0.00096881]
[-0.00087098  0.00096184]
[-0.00087582  0.00095479]
[-0.00088041  0.00094766]
[-0.00088475  0.00094045]
[-0.00088885  0.00093317]
[-0.00089268  0.00092582]
[-0.00089626  0.0009184 ]
[-0.00089958  0.00091092]
[-0.00090263  0.00090337]
[-0.00090542  0.00089577]
[-0.00090793  0.00088811]
[-0.00091018  0.00088041]
[-0.00091215  0.00087265]
[-0.00091383  0.00086486]
[-0.00091524  0.00085702]
[-0.00091636  0.00084914]
[-0.0009172   0.00084123]
[-0.00091775  0.0008333 ]
[-0.000918    0.00082533]
[-0.00091796  0.00081734]
[-0.00091763  0.00080933]
[-0.000917    0.00080131]
[-0.00091606  0.00079328]
[-0.00091482  0.00078523]
[-0.00091328  0.00077718]
[-0.00091144  0.00076914]
[-0.00090927  0.00076109]
[-0.0009068   0.00075305]
[-0.00090402  0.00074502]
[-0.00090092  0.00073701]
[-0.0008975   0.00072901]
[-0.00089377  0.00072104]
[-0.00088971  0.00071309]
[-0.00088534  0.00070517]
[-0.00088064  0.00069729]
[-0.00087561  0.00068944]
[-0.00087026  0.00068164]
[-0.00086459  0.00067388]
[-0.00085858  0.00066617]
[-0.00085225  0.00065851]
[-0.00084559  0.00065091]
[-0.00083859  0.00064338]
[-0.00083128  0.00063591]
[-0.00082362  0.0006285 ]
[-0.00081563  0.00062117]
[-0.00080732  0.00061392]
[-0.00079867  0.00060675]
[-0.00078969  0.00059967]
[-0.00078039  0.00059267]
[-0.00077075  0.00058577]
[-0.00076079  0.00057897]
[-0.0007505   0.00057226]
[-0.00073989  0.00056567]
[-0.00072894  0.00055918]
[-0.00071769  0.00055281]
[-0.00070611  0.00054655]
[-0.00069422  0.00054041]
[-0.00068202  0.0005344 ]
[-0.00066951  0.00052853]
[-0.00065669  0.00052278]
[-0.00064357  0.00051717]
[-0.00063016  0.0005117 ]
[-0.00061646  0.00050637]
[-0.00060248  0.0005012 ]
[-0.00058821  0.00049617]
[-0.00057367  0.00049131]
[-0.00055888  0.0004866 ]
[-0.00054382  0.00048205]
[-0.00052851  0.00047767]
[-0.00051297  0.00047346]
[-0.00049719  0.00046942]
[-0.00048119  0.00046556]
[-0.00046499  0.00046188]
[-0.00044858  0.00045838]
[-0.00043199  0.00045506]
[-0.00041521  0.00045194]
[-0.00039828  0.000449  ]
[-0.0003812   0.00044625]
[-0.00036398  0.00044371]
[-0.00034664  0.00044136]
[-0.0003292  0.0004392]
[-0.00031166  0.00043726]
[-0.00029405  0.00043551]
[-0.00027638  0.00043397]
[-0.00025868  0.00043264]
[-0.00024095  0.00043152]
[-0.00022323  0.0004306 ]
[-0.00020551  0.0004299 ]
[-0.00018783  0.00042941]
[-0.00017021  0.00042912]
[-0.00015266  0.00042905]
[-0.00013521  0.00042919]
[-0.00011787  0.00042954]
[-0.00010066  0.0004301 ]
[-8.36210043e-05  4.30874274e-04]
[-6.67493168e-05  4.31854019e-04]
[-5.00741536e-05  4.33042267e-04]
[-3.36207807e-05  4.34439240e-04]
[-1.74048381e-05  4.36039114e-04]
[-1.44397920e-06  4.37839922e-04]
[1.42338560e-05 4.39845277e-04]
[2.96192049e-05 4.42047210e-04]
[4.46817138e-05 4.44443951e-04]
[5.94074840e-05 4.47034016e-04]
[7.37813839e-05 4.49816164e-04]
[8.77830281e-05 4.52779756e-04]
[0.0001014  0.00045593]
[0.0001146  0.00045926]
[0.0001274  0.00046276]
[0.00013976 0.00046643]
[0.00015167 0.00047027]
[0.00016312 0.00047428]
[0.00017411 0.00047843]
[0.00018461 0.00048274]
[0.00019463 0.0004872 ]
[0.00020415 0.00049179]
[0.00021316 0.00049653]
[0.00022167 0.00050139]
[0.00022967 0.00050638]
[0.00023715 0.00051148]
[0.00024411 0.0005167 ]
[0.00025056 0.00052203]
[0.00025649 0.00052746]
[0.0002619  0.00053298]
[0.0002668 0.0005386]
[0.00027119 0.0005443 ]
[0.00027508 0.00055007]
[0.00027848 0.00055592]
[0.00028138 0.00056183]
[0.0002838 0.0005678]
[0.00028576 0.00057382]
[0.00028724 0.0005799 ]
[0.00028828 0.00058601]
[0.00028888 0.00059216]
[0.00028904 0.00059834]
[0.00028879 0.00060455]
[0.00028814 0.00061077]
[0.0002871  0.00061701]
[0.00028568 0.00062326]
[0.00028391 0.00062952]
[0.00028179 0.00063577]
[0.00027933 0.00064202]
[0.00027657 0.00064825]
[0.0002735  0.00065447]
[0.00027016 0.00066068]
[0.00026653 0.00066686]
[0.00026266 0.00067301]
[0.00025855 0.00067913]
[0.00025421 0.00068521]
[0.00024967 0.00069125]
[0.00024493 0.00069726]
[0.00024002 0.00070321]
[0.00023493 0.00070911]
[0.00022971 0.00071496]
[0.00022434 0.00072076]
[0.00021885 0.00072649]
[0.00021326 0.00073217]
[0.00020756 0.00073777]
[0.00020178 0.00074332]
[0.00019593 0.00074879]
[0.00019002 0.00075419]
[0.00018406 0.00075952]
[0.00017805 0.00076477]
[0.00017203 0.00076994]
[0.00016598 0.00077503]
[0.00015992 0.00078004]
[0.00015387 0.00078496]
[0.00014782 0.0007898 ]
[0.00014179 0.00079456]
[0.00013578 0.00079922]
[0.00012981 0.0008038 ]
[0.00012388 0.00080828]
[0.00011799 0.00081267]
[0.00011216 0.00081697]
[0.00010638 0.00082118]
[0.00010067 0.00082529]
[9.50235791e-05 8.29301649e-04]
[8.94564515e-05 8.33215770e-04]
[8.39614057e-05 8.37035869e-04]
[7.85509716e-05 8.40755261e-04]
[7.32234471e-05 8.44375346e-04]
[6.79892938e-05 8.47896118e-04]
[6.28422490e-05 8.51316387e-04]
[5.77949039e-05 8.54633382e-04]
[5.28447423e-05 8.57849944e-04]
[4.79954245e-05 8.60964274e-04]
[4.32450556e-05 8.63975031e-04]
[3.86008125e-05 8.66881218e-04]
[3.40578752e-05 8.69687209e-04]
[2.96279499e-05 8.72387323e-04]
[2.52983131e-05 8.74983706e-04]
[2.10803368e-05 8.77476814e-04]
[1.69688019e-05 8.79863979e-04]
[1.29704275e-05 8.82148391e-04]
[9.07422899e-06 8.84325267e-04]
[5.29242035e-06 8.86396735e-04]
[1.62182489e-06 8.88363710e-04]
[-1.94352066e-06  8.90226495e-04]
[-5.40087447e-06  8.91984469e-04]
[-8.75420638e-06  8.93634861e-04]
[-1.19971111e-05  8.95181299e-04]
[-1.51339715e-05  8.96620524e-04]
[-1.81675279e-05  8.97953327e-04]
[-2.11040028e-05  8.99181858e-04]
[-2.39337604e-05  9.00305166e-04]
[-2.66678529e-05  9.01323261e-04]
[-2.92987136e-05  9.02235688e-04]
[-3.18369960e-05  9.03043584e-04]
[-3.42828084e-05  9.03745611e-04]
[-3.66294699e-05  9.04341608e-04]
[-3.88944957e-05  9.04834690e-04]
[-4.10709296e-05  9.05222282e-04]
[-4.31600453e-05  9.05504477e-04]
[-4.51711326e-05  9.05684819e-04]
[-4.70973842e-05  9.05759336e-04]
[-4.89503459e-05  9.05731234e-04]
[-5.07242104e-05  9.05596827e-04]
[-5.24311165e-05  9.05362122e-04]
[-5.40679136e-05  9.05024261e-04]
[-5.56339764e-05  9.04579940e-04]
[-5.71470033e-05  9.04037582e-04]
[-5.85933320e-05  9.03391751e-04]
[-5.99833695e-05  9.02644797e-04]
[-6.13265210e-05  9.01796481e-04]
[-6.26144805e-05  9.00847249e-04]
[-6.38632344e-05  8.99794393e-04]
[-6.50618327e-05  8.98647927e-04]
[-6.62219138e-05  8.97396331e-04]
[-6.73475781e-05  8.96050618e-04]
[-6.84475673e-05  8.94602923e-04]
[-6.95124189e-05  8.93057269e-04]
[-7.05500484e-05  8.91419793e-04]
[-7.15734845e-05  8.89677593e-04]
[-7.25783959e-05  8.87847042e-04]
[-7.35718489e-05  8.85916024e-04]
[-7.45529996e-05  8.83891575e-04]
[-7.55296905e-05  8.81776796e-04]
[-7.65069081e-05  8.79563370e-04]
[-7.74881965e-05  8.77261373e-04]
[-7.84728151e-05  8.74868658e-04]
[-7.94685240e-05  8.72380071e-04]
[-8.04799050e-05  8.69806958e-04]
[-8.15102056e-05  8.67143194e-04]
[-8.25660064e-05  8.64387233e-04]
[-8.36445403e-05  8.61547757e-04]
[-8.47558920e-05  8.58624806e-04]
[-8.59062441e-05  8.55612041e-04]
[-8.70952544e-05  8.52520918e-04]
[-8.83277517e-05  8.49342549e-04]
[-8.96091911e-05  8.46080009e-04]
[-9.09447761e-05  8.42743993e-04]
[-9.23364137e-05  8.39324864e-04]
[-9.37840225e-05  8.35823316e-04]
[-9.53025214e-05  8.32252620e-04]
[-9.68858519e-05  8.28601019e-04]
[-9.85447031e-05  8.24874552e-04]
[-0.00010028  0.00082108]
[-0.0001021   0.00081721]
[-0.000104    0.00081327]
[-0.000106    0.00080927]
[-0.00010809  0.00080519]
[-0.00011027  0.00080105]
[-0.00011256  0.00079685]
[-0.00011495  0.00079258]
[-0.00011745  0.00078825]
[-0.00012007  0.00078387]
[-0.00012281  0.00077943]
[-0.00012566  0.00077493]
[-0.00012864  0.00077038]
[-0.00013175  0.00076578]
[-0.00013499  0.00076113]
[-0.00013837  0.00075642]
[-0.00014189  0.00075168]
[-0.00014555  0.00074689]
[-0.00014935  0.00074206]
[-0.00015331  0.00073719]
[-0.00015742  0.00073229]
[-0.00016168  0.00072734]
[-0.00016611  0.00072236]
[-0.00017069  0.00071736]
[-0.00017545  0.00071232]
[-0.00018036  0.00070725]
[-0.00018546  0.00070217]
[-0.00019072  0.00069706]
[-0.00019615  0.00069193]
[-0.00020177  0.00068679]
[-0.00020757  0.00068163]
[-0.00021355  0.00067646]
[-0.00021972  0.00067128]
[-0.00022607  0.00066609]
[-0.00023261  0.0006609 ]
[-0.00023935  0.0006557 ]
[-0.00024627  0.00065051]
[-0.00025339  0.00064532]
[-0.00026071  0.00064013]
[-0.00026822  0.00063496]
[-0.00027594  0.00062979]
[-0.00028385  0.00062464]
[-0.00029196  0.00061951]
[-0.00030028  0.00061439]
[-0.0003088  0.0006093]
[-0.00031752  0.00060423]
[-0.00032644  0.00059919]
[-0.00033557  0.00059418]
[-0.00034491  0.0005892 ]
[-0.00035445  0.00058426]
[-0.00036419  0.00057936]
[-0.00037414  0.0005745 ]
[-0.0003843   0.00056968]
[-0.00039466  0.00056492]
[-0.00040522  0.0005602 ]
[-0.00041598  0.00055553]
[-0.00042695  0.00055092]
[-0.00043812  0.00054637]
[-0.00044949  0.00054188]
[-0.00046106  0.00053746]
[-0.00047283  0.0005331 ]
[-0.00048479  0.00052881]
[-0.00049695  0.00052459]
[-0.0005093   0.00052045]
[-0.00052184  0.00051639]
[-0.00053457  0.00051241]
[-0.00054748  0.00050852]
[-0.00056058  0.00050471]
[-0.00057386  0.00050098]
[-0.00058731  0.00049736]
[-0.00060095  0.00049382]
[-0.00061475  0.00049039]
[-0.00062872  0.00048705]
[-0.00064286  0.00048382]
[-0.00065716  0.00048069]
[-0.00067161  0.00047767]
[-0.00068621  0.00047477]
[-0.00070097  0.00047197]
[-0.00071587  0.00046929]
[-0.00073091  0.00046672]
[-0.00074608  0.00046428]
[-0.00076137  0.00046196]
[-0.00077679  0.00045977]
[-0.00079233  0.0004577 ]
[-0.00080798  0.00045576]
[-0.00082373  0.00045395]
[-0.00083959  0.00045227]
[-0.00085553  0.00045073]
[-0.00087157  0.00044933]
[-0.00088767  0.00044807]
[-0.00090385  0.00044694]
[-0.00092009  0.00044596]
[-0.0009364   0.00044513]
[-0.00095274  0.00044444]
[-0.00096913  0.0004439 ]
[-0.00098554  0.0004435 ]
[-0.00100198  0.00044326]
[-0.00101843  0.00044317]
[-0.00103488  0.00044323]
[-0.00105133  0.00044344]
[-0.00106777  0.00044381]
[-0.00108417  0.00044433]
[-0.00110053  0.00044501]
[-0.00111686  0.00044585]
[-0.00113312  0.00044685]
[-0.00114932  0.000448  ]
[-0.00116544  0.00044931]
[-0.00118147  0.00045077]
[-0.00119739  0.0004524 ]
[-0.0012132   0.00045418]
[-0.00122889  0.00045612]
[-0.00124443  0.00045822]
[-0.00125983  0.00046047]
[-0.00127506  0.00046288]
[-0.00129012  0.00046545]
[-0.00130499  0.00046816]
[-0.00131966  0.00047103]
[-0.00133411  0.00047406]
[-0.00134835  0.00047723]
[-0.00136234  0.00048054]
[-0.00137608  0.00048401]
[-0.00138955  0.00048762]
[-0.00140275  0.00049137]
[-0.00141566  0.00049526]
[-0.00142827  0.00049928]
[-0.00144057  0.00050345]
[-0.00145253  0.00050774]
[-0.00146416  0.00051216]
[-0.00147543  0.0005167 ]
[-0.00148634  0.00052137]
[-0.00149689  0.00052616]
[-0.00150704  0.00053106]
[-0.00151679  0.00053607]
[-0.00152614  0.00054118]
[-0.00153508  0.0005464 ]
[-0.00154358  0.00055172]
[-0.00155166  0.00055713]
[-0.00155928  0.00056263]
[-0.00156645  0.00056821]
[-0.00157317  0.00057388]
[-0.00157941  0.00057961]
[-0.00158518  0.00058542]
[-0.00159048  0.00059129]
[-0.00159528  0.00059722]
[-0.0015996  0.0006032]
[-0.00160342  0.00060922]
[-0.00160674  0.00061529]
[-0.00160957  0.0006214 ]
[-0.00161189  0.00062753]
[-0.0016137   0.00063369]
[-0.00161502  0.00063987]
[-0.00161583  0.00064605]
[-0.00161614  0.00065225]
[-0.00161594  0.00065845]
[-0.00161525  0.00066463]
[-0.00161406  0.00067081]
[-0.00161238  0.00067697]
[-0.00161021  0.0006831 ]
[-0.00160755  0.0006892 ]
[-0.00160443  0.00069527]
[-0.00160083  0.00070129]
[-0.00159677  0.00070727]
[-0.00159225  0.00071319]
[-0.00158729  0.00071905]
[-0.00158189  0.00072485]
[-0.00157607  0.00073057]
[-0.00156982  0.00073621]
[-0.00156318  0.00074178]
[-0.00155613  0.00074726]
[-0.0015487   0.00075264]
[-0.0015409   0.00075793]
[-0.00153273  0.00076312]
[-0.00152421  0.00076819]
[-0.00151537  0.00077315]
[-0.00150619  0.000778  ]
[-0.00149671  0.00078272]
[-0.00148694  0.00078731]
[-0.00147688  0.00079178]
[-0.00146655  0.00079612]
[-0.00145597  0.00080031]
[-0.00144515  0.00080436]
[-0.0014341   0.00080827]
[-0.00142283  0.00081203]
[-0.00141136  0.00081563]
[-0.0013997   0.00081909]
[-0.00138787  0.00082238]
[-0.00137588  0.00082552]
[-0.00136374  0.00082849]
[-0.00135146  0.00083129]
[-0.00133907  0.00083393]
[-0.00132656  0.0008364 ]
[-0.00131395  0.0008387 ]
[-0.00130125  0.00084082]
[-0.00128848  0.00084278]
[-0.00127564  0.00084455]
[-0.00126275  0.00084614]
[-0.00124981  0.00084756]
[-0.00123684  0.00084879]
[-0.00122385  0.00084985]
[-0.00121083  0.00085073]
[-0.00119781  0.00085142]
[-0.00118479  0.00085193]
[-0.00117178  0.00085226]
[-0.00115878  0.0008524 ]
[-0.00114581  0.00085237]
[-0.00113286  0.00085214]
[-0.00111995  0.00085173]
[-0.00110708  0.00085115]
[-0.00109426  0.00085038]
[-0.00108149  0.00084942]
[-0.00106878  0.00084829]
[-0.00105612  0.00084697]
[-0.00104353  0.00084548]
[-0.00103101  0.0008438 ]
[-0.00101855  0.00084195]
[-0.00100617  0.00083992]
[-0.00099386  0.00083771]
[-0.00098163  0.00083533]
[-0.00096947  0.00083277]
[-0.0009574   0.00083004]
[-0.0009454   0.00082714]
[-0.00093348  0.00082407]
[-0.00092165  0.00082082]
[-0.00090989  0.00081742]
[-0.00089821  0.00081384]
[-0.00088661  0.00081011]
[-0.00087508  0.0008062 ]
[-0.00086364  0.00080215]
[-0.00085227  0.00079793]
[-0.00084096  0.00079356]
[-0.00082973  0.00078903]
[-0.00081856  0.00078435]
[-0.00080746  0.00077951]
[-0.00079643  0.00077453]
[-0.00078545  0.0007694 ]
[-0.00077452  0.00076413]
[-0.00076365  0.00075872]
[-0.00075283  0.00075317]
[-0.00074205  0.00074748]
[-0.00073131  0.00074165]
[-0.00072061  0.0007357 ]
[-0.00070994  0.00072961]
[-0.00069929  0.00072339]
[-0.00068867  0.00071705]
[-0.00067807  0.00071059]
[-0.00066749  0.00070401]
[-0.00065691  0.00069731]
[-0.00064633  0.0006905 ]
[-0.00063575  0.00068357]
[-0.00062518  0.00067653]
[-0.00061458  0.0006694 ]
[-0.00060396  0.00066215]
[-0.00059333  0.00065481]
[-0.00058267  0.00064737]
[-0.00057197  0.00063983]
[-0.00056123  0.0006322 ]
[-0.00055045  0.00062449]
[-0.00053962  0.00061668]
[-0.00052873  0.0006088 ]
[-0.00051778  0.00060084]
[-0.00050676  0.0005928 ]
[-0.00049567  0.00058469]
[-0.0004845   0.00057651]
[-0.00047325  0.00056826]
[-0.0004619   0.00055995]
[-0.00045046  0.00055158]
[-0.00043892  0.00054316]
[-0.00042726  0.00053468]
[-0.0004155   0.00052615]
[-0.00040361  0.00051758]
[-0.00039161  0.00050896]
[-0.00037947  0.00050031]
[-0.0003672   0.00049162]
[-0.00035479  0.00048289]
[-0.00034224  0.00047415]
[-0.00032953  0.00046537]
[-0.00031667  0.00045658]
[-0.00030365  0.00044777]
[-0.00029046  0.00043894]
[-0.0002771   0.00043011]
[-0.00026357  0.00042127]
[-0.00024986  0.00041242]
[-0.00023597  0.00040358]
[-0.00022189  0.00039474]
[-0.00020761  0.00038592]
[-0.00019315  0.00037711]
[-0.00017847  0.00036831]
[-0.0001636   0.00035954]
[-0.00014852  0.00035079]
[-0.00013323  0.00034207]
[-0.00011772  0.00033338]
[-0.000102    0.00032473]
[-8.60548078e-05  3.16119383e-04]
[-6.98906359e-05  3.07552521e-04]
[-5.34954385e-05  2.99031524e-04]
[-3.68792265e-05  2.90570230e-04]
[-2.00268289e-05  2.82162123e-04]
[-2.93852149e-06  2.73809011e-04]
[1.43814830e-05 2.65531731e-04]
[3.19376135e-05 2.57310429e-04]
[4.97301396e-05 2.49163799e-04]
[6.77668190e-05 2.41100984e-04]
[8.60425435e-05 2.33112079e-04]
[0.00010456 0.00022521]
[0.00012332 0.00021739]
[0.00014233 0.00020967]
[0.00016158 0.00020203]
[0.00018107 0.00019451]
[0.00020081 0.00018708]
[0.0002208  0.00017975]
[0.00024102 0.00017255]
[0.00026149 0.00016545]
[0.00028221 0.00015847]
[0.00030316 0.00015162]
[0.00032436 0.00014489]
[0.0003458  0.00013828]
[0.00036748 0.00013181]
[0.00038939 0.00012548]
[0.00041154 0.00011928]
[0.00043392 0.00011323]
[0.00045654 0.00010732]
[0.00047938 0.00010157]
[5.02450466e-04 9.59535312e-05]
[5.25742101e-04 9.05092033e-05]
[5.49254072e-04 8.52232739e-05]
[5.72983624e-04 8.00878599e-05]
[5.96929343e-04 7.51228664e-05]
[6.21084776e-04 7.03348193e-05]
[6.45443173e-04 6.57077532e-05]
[6.70005206e-04 6.12522364e-05]
[6.94771866e-04 5.69839170e-05]
[7.19728978e-04 5.28918768e-05]
[7.44877659e-04 4.89754665e-05]
[7.70214375e-04 4.52506787e-05]
[7.95728486e-04 4.17162772e-05]
[8.21421407e-04 3.83599291e-05]
[8.47285414e-04 3.52019671e-05]
[8.73316806e-04 3.22468978e-05]
[8.99514664e-04 2.94807321e-05]
[9.25862196e-04 2.69097537e-05]
[9.52360834e-04 2.45513637e-05]
[9.79006547e-04 2.23925955e-05]
[1.00578865e-03 2.04314316e-05]
[1.03270416e-03 1.86864224e-05]
[1.05974928e-03 1.71536015e-05]
[1.08691329e-03 1.58214991e-05]
[1.11419432e-03 1.47082860e-05]
[1.14157969e-03 1.38154280e-05]
[1.16906866e-03 1.31286995e-05]
[1.19664985e-03 1.26618448e-05]
[1.22432152e-03 1.24217193e-05]
[1.25207502e-03 1.23959380e-05]
[1.27990098e-03 1.25893551e-05]
[1.30779669e-03 1.30127197e-05]
[1.33574506e-03 1.36585290e-05]
[1.36374919e-03 1.45231421e-05]
[1.39179916e-03 1.56216141e-05]
[1.41988469e-03 1.69467525e-05]
[1.44799967e-03 1.84911611e-05]
[1.47613775e-03 2.02718118e-05]
[1.50428768e-03 2.22810175e-05]
[1.53244072e-03 2.45142993e-05]
[1.56059337e-03 2.69845527e-05]
[1.58873588e-03 2.96844607e-05]
[1.61686111e-03 3.26084274e-05]
[1.64495633e-03 3.57714165e-05]
[1.67301495e-03 3.91637306e-05]
[1.70103080e-03 4.27809935e-05]
[1.72899585e-03 4.66354787e-05]
[1.75689398e-03 5.07197691e-05]
[1.78472468e-03 5.50310219e-05]
[1.81247407e-03 5.95789253e-05]
[1.84013593e-03 6.43521903e-05]
[1.86769871e-03 6.93540755e-05]
[1.89515406e-03 7.45890471e-05]
[1.92249668e-03 8.00465533e-05]
[1.94971145e-03 8.57315946e-05]
[1.97679286e-03 9.16492091e-05]
[2.00372593e-03 9.77850510e-05]
[0.00203051 0.00010415]
[0.00205713 0.00011074]
[0.00208357 0.00011754]
[0.00210983 0.00012457]
[0.00213591 0.00013182]
[0.00216177 0.00013929]
[0.00218743 0.00014697]
[0.00221286 0.00015486]
[0.00223806 0.00016297]
[0.00226302 0.00017128]
[0.00228773 0.00017981]
[0.00231218 0.00018854]
[0.00233635 0.00019747]
[0.00236024 0.00020661]
[0.00238384 0.00021594]
[0.00240714 0.00022547]
[0.00243011 0.00023519]
[0.00245277 0.00024511]
[0.00247511 0.00025521]
[0.00249709 0.00026549]
[0.00251872 0.00027595]
[0.00253999 0.0002866 ]
[0.00256089 0.00029742]
[0.00258141 0.0003084 ]
[0.00260153 0.00031956]
[0.00262125 0.00033088]
[0.00264056 0.00034236]
[0.00265945 0.00035399]
[0.00267791 0.00036578]
[0.00269593 0.00037771]
[0.0027135  0.00038979]
[0.0027306 0.000402 ]
[0.00274725 0.00041435]
[0.00276342 0.00042683]
[0.0027791  0.00043944]
[0.0027943  0.00045216]
[0.00280899 0.000465  ]
[0.00282318 0.00047795]
[0.00283685 0.00049101]
[0.00284999 0.00050416]
[0.00286261 0.00051741]
[0.00287469 0.00053075]
[0.00288622 0.00054417]
[0.00289721 0.00055767]
[0.00290764 0.00057124]
[0.0029175  0.00058489]
[0.0029268  0.00059858]
[0.00293553 0.00061234]
[0.00294368 0.00062614]
[0.00295125 0.00063998]
[0.00295823 0.00065386]
[0.00296462 0.00066777]
[0.00297042 0.0006817 ]
[0.00297563 0.00069565]
[0.00298024 0.00070962]
[0.00298426 0.00072358]
[0.00298767 0.00073755]
[0.00299048 0.0007515 ]
[0.00299268 0.00076544]
[0.00299429 0.00077936]
[0.00299529 0.00079325]
[0.00299569 0.0008071 ]
[0.00299549 0.00082091]
[0.0029947  0.00083468]
[0.00299331 0.00084839]
[0.00299132 0.00086203]
[0.00298874 0.00087562]
[0.00298557 0.00088912]
[0.00298183 0.00090254]
[0.0029775  0.00091588]
[0.00297259 0.00092912]
[0.00296712 0.00094226]
[0.00296109 0.00095529]
[0.0029545  0.00096821]
[0.00294735 0.00098101]
[0.00293967 0.00099368]
[0.00293145 0.00100622]
[0.00292269 0.00101862]
[0.00291342 0.00103088]
[0.00290363 0.00104298]
[0.00289335 0.00105494]
[0.00288256 0.00106673]
[0.0028713  0.00107834]
[0.00285955 0.00108979]
[0.00284735 0.00110106]
[0.00283468 0.00111214]
[0.00282158 0.00112304]
[0.00280804 0.00113374]
[0.00279407 0.00114424]
[0.0027797  0.00115454]
[0.00276493 0.00116463]
[0.00274976 0.0011745 ]
[0.00273422 0.00118416]
[0.00271832 0.00119359]
[0.00270206 0.0012028 ]
[0.00268546 0.00121178]
[0.00266854 0.00122052]
[0.00265129 0.00122903]
[0.00263374 0.00123729]
[0.0026159  0.00124531]
[0.00259778 0.00125308]
[0.00257939 0.00126059]
[0.00256074 0.00126786]
[0.00254185 0.00127487]
[0.00252273 0.00128162]
[0.00250338 0.0012881 ]
[0.00248383 0.00129432]
[0.00246408 0.00130027]
[0.00244415 0.00130595]
[0.00242403 0.00131137]
[0.00240376 0.00131651]
[0. 0.]
