[-0.00072479  0.0019506 ]
[-0.00069433  0.00195342]
[-0.00066384  0.00195595]
[-0.00063333  0.00195818]
[-0.00060279  0.00196014]
[-0.00057224  0.00196181]
[-0.00054168  0.00196318]
[-0.00051111  0.00196427]
[-0.00048055  0.00196506]
[-0.00044998  0.00196556]
[-0.00041943  0.00196578]
[-0.00038888  0.0019657 ]
[-0.00035835  0.00196533]
[-0.00032784  0.00196467]
[-0.00029736  0.00196372]
[-0.0002669   0.00196248]
[-0.00023648  0.00196095]
[-0.0002061   0.00195914]
[-0.00017576  0.00195703]
[-0.00014547  0.00195464]
[-0.00011523  0.00195195]
[-8.50406927e-05  1.94898829e-03]
[-5.49175561e-05  1.94573723e-03]
[-2.48528920e-05  1.94220176e-03]
[5.13982071e-06 1.93838663e-03]
[3.50608110e-05 1.93428798e-03]
[6.49031981e-05 1.92991325e-03]
[9.46719385e-05 1.92525689e-03]
[0.00012435 0.00192033]
[0.00015395 0.00191512]
[0.00018345 0.00190964]
[0.00021285 0.00190389]
[0.00024217 0.00189787]
[0.00027138 0.00189159]
[0.00030048 0.00188504]
[0.00032948 0.00187823]
[0.00035836 0.00187116]
[0.00038713 0.00186383]
[0.00041579 0.00185624]
[0.00044432 0.00184841]
[0.00047273 0.00184032]
[0.00050103 0.00183198]
[0.0005292 0.0018234]
[0.00055724 0.00181458]
[0.00058514 0.00180552]
[0.00061291 0.00179622]
[0.00064056 0.00178669]
[0.00066807 0.00177693]
[0.00069544 0.00176694]
[0.00072267 0.00175673]
[0.00074977 0.0017463 ]
[0.00077673 0.00173565]
[0.00080355 0.00172479]
[0.00083023 0.00171372]
[0.00085676 0.00170244]
[0.00088316 0.00169095]
[0.00090942 0.00167927]
[0.00093552 0.00166739]
[0.0009615  0.00165532]
[0.00098734 0.00164305]
[0.00101302 0.00163061]
[0.00103857 0.00161797]
[0.00106398 0.00160517]
[0.00108926 0.00159218]
[0.00111439 0.00157903]
[0.00113939 0.0015657 ]
[0.00116426 0.00155222]
[0.00118899 0.00153857]
[0.00121358 0.00152477]
[0.00123805 0.00151082]
[0.00126238 0.00149672]
[0.0012866  0.00148247]
[0.00131067 0.00146809]
[0.00133463 0.00145356]
[0.00135846 0.00143891]
[0.00138217 0.00142412]
[0.00140577 0.00140921]
[0.00142924 0.00139419]
[0.0014526  0.00137904]
[0.00147585 0.00136378]
[0.00149897 0.00134841]
[0.001522   0.00133293]
[0.00154491 0.00131736]
[0.00156771 0.00130168]
[0.00159041 0.00128592]
[0.00161299 0.00127006]
[0.00163548 0.00125412]
[0.00165786 0.0012381 ]
[0.00168013 0.001222  ]
[0.0017023  0.00120584]
[0.00172435 0.00118959]
[0.0017463  0.00117329]
[0.00176814 0.00115693]
[0.00178987 0.0011405 ]
[0.00181148 0.00112403]
[0.00183298 0.00110751]
[0.00185434 0.00109095]
[0.00187558 0.00107435]
[0.00189668 0.00105771]
[0.00191763 0.00104104]
[0.00193844 0.00102436]
[0.00195907 0.00100764]
[0.00197953 0.00099092]
[0.0019998  0.00097419]
[0.00201986 0.00095744]
[0.0020397  0.00094071]
[0.00205929 0.00092397]
[0.00207861 0.00090725]
[0.00209765 0.00089055]
[0.00211637 0.00087387]
[0.00213473 0.00085722]
[0.00215271 0.00084061]
[0.00217027 0.00082404]
[0.00218738 0.00080752]
[0.00220396 0.00079107]
[0.00222    0.00077468]
[0.00223544 0.00075837]
[0.00225021 0.00074214]
[0.00226427 0.000726  ]
[0.00227754 0.00070998]
[0.00228994 0.00069406]
[0.00230142 0.00067827]
[0.00231188 0.00066262]
[0.00232126 0.00064713]
[0.00232946 0.00063179]
[0.00233638 0.00061663]
[0.00234193 0.00060167]
[0.00234603 0.00058691]
[0.00234857 0.00057238]
[0.00234946 0.00055808]
[0.0023486  0.00054405]
[0.00234587 0.00053029]
[0.00234121 0.00051684]
[0.00233451 0.00050369]
[0.00232568 0.00049089]
[0.00231467 0.00047844]
[0.00230139 0.00046638]
[0.0022858  0.00045471]
[0.00226783 0.00044346]
[0.00224748 0.00043267]
[0.00222474 0.00042234]
[0.00219961 0.00041249]
[0.00217212 0.00040316]
[0.00214231 0.00039436]
[0.00211028 0.0003861 ]
[0.00207607 0.00037841]
[0.00203984 0.0003713 ]
[0.00200168 0.00036478]
[0.00196177 0.00035887]
[0.00192028 0.00035358]
[0.00187736 0.00034892]
[0.00183323 0.00034489]
[0.00178807 0.00034149]
[0.0017421  0.00033873]
[0.00169553 0.00033661]
[0.00164858 0.00033511]
[0.00160142 0.00033424]
[0.00155429 0.00033399]
[0.00150737 0.00033434]
[0.00146083 0.00033528]
[0.00141484 0.0003368 ]
[0.00136956 0.00033888]
[0.00132513 0.00034151]
[0.00128166 0.00034466]
[0.00123927 0.00034832]
[0.00119803 0.00035246]
[0.00115803 0.00035707]
[0.00111931 0.00036211]
[0.00108192 0.00036758]
[0.00104589 0.00037345]
[0.00101124 0.0003797 ]
[0.00097795 0.0003863 ]
[0.00094604 0.00039323]
[0.0009155  0.00040048]
[0.00088627 0.00040803]
[0.00085835 0.00041584]
[0.00083169 0.00042391]
[0.00080626 0.00043222]
[0.00078202 0.00044075]
[0.00075891 0.00044947]
[0.00073688 0.00045839]
[0.0007159  0.00046747]
[0.0006959  0.00047671]
[0.00067684 0.00048608]
[0.00065865 0.00049559]
[0.00064131 0.00050521]
[0.00062474 0.00051492]
[0.00060892 0.00052473]
[0.00059377 0.00053462]
[0.00057928 0.00054457]
[0.00056539 0.00055459]
[0.00055204 0.00056465]
[0.00053922 0.00057475]
[0.00052688 0.00058488]
[0.00051497 0.00059504]
[0.00050346 0.00060521]
[0.00049233 0.00061539]
[0.00048155 0.00062557]
[0.00047107 0.00063575]
[0.00046086 0.00064592]
[0.00045092 0.00065607]
[0.00044121 0.00066619]
[0.00043171 0.00067629]
[0.00042238 0.00068635]
[0.00041322 0.00069638]
[0.0004042  0.00070637]
[0.0003953  0.00071631]
[0.00038652 0.00072619]
[0.00037782 0.00073603]
[0.0003692 0.0007458]
[0.00036065 0.00075551]
[0.00035214 0.00076516]
[0.00034367 0.00077474]
[0.00033522 0.00078424]
[0.00032678 0.00079367]
[0.00031836 0.00080302]
[0.00030992 0.00081229]
[0.00030147 0.00082147]
[0.000293   0.00083057]
[0.00028451 0.00083958]
[0.00027598 0.0008485 ]
[0.0002674  0.00085732]
[0.00025878 0.00086604]
[0.0002501  0.00087467]
[0.00024137 0.00088319]
[0.00023258 0.00089161]
[0.00022371 0.00089993]
[0.00021479 0.00090813]
[0.00020579 0.00091623]
[0.00019671 0.00092421]
[0.00018755 0.00093208]
[0.00017831 0.00093984]
[0.00016899 0.00094748]
[0.00015959 0.00095499]
[0.00015011 0.00096239]
[0.00014053 0.00096966]
[0.00013087 0.00097681]
[0.00012111 0.00098383]
[0.00011127 0.00099073]
[0.00010134 0.00099749]
[9.13234976e-05 1.00412472e-03]
[8.12186852e-05 1.01062281e-03]
[7.10212223e-05 1.01698859e-03]
[6.07355008e-05 1.02322065e-03]
[5.03571527e-05 1.02931254e-03]
[3.99008408e-05 1.03526489e-03]
[2.93522805e-05 1.04107979e-03]
[1.87226873e-05 1.04675020e-03]
[8.01087972e-06 1.05228297e-03]
[-2.79245817e-06  1.05766550e-03]
[-1.36643992e-05  1.06290637e-03]
[-2.46185337e-05  1.06800071e-03]
[-3.56582942e-05  1.07294280e-03]
[-4.67656937e-05  1.07774021e-03]
[-5.79457713e-05  1.08238689e-03]
[-6.92026001e-05  1.08687724e-03]
[-8.05236658e-05  1.09121992e-03]
[-9.19093833e-05  1.09540993e-03]
[-0.00010336  0.00109944]
[-0.00011488  0.00110332]
[-0.00012644  0.00110704]
[-0.00013807  0.0011106 ]
[-0.00014975  0.00111401]
[-0.00016148  0.00111726]
[-0.00017325  0.00112034]
[-0.00018507  0.00112327]
[-0.00019693  0.00112603]
[-0.00020882  0.00112863]
[-0.00022074  0.00113107]
[-0.0002327   0.00113335]
[-0.00024469  0.00113545]
[-0.00025669  0.0011374 ]
[-0.00026871  0.00113918]
[-0.00028074  0.0011408 ]
[-0.00029279  0.00114225]
[-0.00030484  0.00114353]
[-0.0003169   0.00114465]
[-0.00032895  0.0011456 ]
[-0.000341    0.00114638]
[-0.00035304  0.00114701]
[-0.00036507  0.00114745]
[-0.00037707  0.00114773]
[-0.00038906  0.00114785]
[-0.00040102  0.0011478 ]
[-0.00041294  0.00114758]
[-0.00042483  0.0011472 ]
[-0.00043668  0.00114666]
[-0.00044849  0.00114594]
[-0.00046024  0.00114506]
[-0.00047194  0.00114402]
[-0.00048359  0.0011428 ]
[-0.00049517  0.00114143]
[-0.00050668  0.0011399 ]
[-0.00051813  0.0011382 ]
[-0.00052949  0.00113634]
[-0.00054077  0.00113432]
[-0.00055197  0.00113214]
[-0.00056308  0.00112979]
[-0.00057409  0.0011273 ]
[-0.000585    0.00112465]
[-0.00059582  0.00112183]
[-0.00060652  0.00111887]
[-0.0006171   0.00111575]
[-0.00062757  0.00111248]
[-0.00063792  0.00110906]
[-0.00064814  0.00110549]
[-0.00065823  0.00110177]
[-0.00066819  0.00109791]
[-0.000678    0.00109391]
[-0.00068767  0.00108976]
[-0.00069719  0.00108546]
[-0.00070655  0.00108103]
[-0.00071576  0.00107647]
[-0.00072481  0.00107177]
[-0.00073369  0.00106693]
[-0.00074241  0.00106197]
[-0.00075094  0.00105687]
[-0.0007593   0.00105165]
[-0.00076747  0.00104631]
[-0.00077546  0.00104083]
[-0.00078326  0.00103525]
[-0.00079086  0.00102954]
[-0.00079827  0.00102372]
[-0.00080547  0.00101779]
[-0.00081247  0.00101174]
[-0.00081926  0.00100559]
[-0.00082583  0.00099933]
[-0.00083219  0.00099298]
[-0.00083832  0.00098652]
[-0.00084423  0.00097996]
[-0.00084992  0.00097332]
[-0.00085537  0.00096658]
[-0.00086058  0.00095975]
[-0.00086557  0.00095284]
[-0.0008703   0.00094584]
[-0.0008748   0.00093877]
[-0.00087904  0.00093162]
[-0.00088304  0.0009244 ]
[-0.00088678  0.00091711]
[-0.00089027  0.00090975]
[-0.00089349  0.00090233]
[-0.00089645  0.00089484]
[-0.00089915  0.00088731]
[-0.00090157  0.00087971]
[-0.00090373  0.00087207]
[-0.00090561  0.00086438]
[-0.00090721  0.00085665]
[-0.00090854  0.00084888]
[-0.00090958  0.00084107]
[-0.00091034  0.00083323]
[-0.00091081  0.00082535]
[-0.00091098  0.00081746]
[-0.00091087  0.00080954]
[-0.00091046  0.0008016 ]
[-0.00090976  0.00079364]
[-0.00090876  0.00078568]
[-0.00090746  0.00077771]
[-0.00090585  0.00076973]
[-0.00090393  0.00076175]
[-0.00090171  0.00075377]
[-0.00089918  0.0007458 ]
[-0.00089634  0.00073785]
[-0.00089319  0.00072991]
[-0.00088972  0.00072198]
[-0.00088593  0.00071408]
[-0.00088183  0.00070621]
[-0.00087741  0.00069836]
[-0.00087266  0.00069055]
[-0.0008676   0.00068278]
[-0.0008622   0.00067504]
[-0.00085649  0.00066736]
[-0.00085045  0.00065972]
[-0.00084408  0.00065214]
[-0.00083739  0.00064461]
[-0.00083037  0.00063715]
[-0.00082302  0.00062975]
[-0.00081534  0.00062242]
[-0.00080734  0.00061516]
[-0.000799    0.00060798]
[-0.00079034  0.00060089]
[-0.00078135  0.00059388]
[-0.00077203  0.00058695]
[-0.00076239  0.00058012]
[-0.00075243  0.00057339]
[-0.00074213  0.00056676]
[-0.00073152  0.00056023]
[-0.00072058  0.00055382]
[-0.00070933  0.00054751]
[-0.00069776  0.00054133]
[-0.00068589  0.00053526]
[-0.0006737   0.00052932]
[-0.00066121  0.00052351]
[-0.00064841  0.00051783]
[-0.00063532  0.00051229]
[-0.00062194  0.00050688]
[-0.00060827  0.00050163]
[-0.00059432  0.00049652]
[-0.0005801   0.00049155]
[-0.0005656   0.00048675]
[-0.00055085  0.00048211]
[-0.00053584  0.00047762]
[-0.00052059  0.0004733 ]
[-0.0005051   0.00046915]
[-0.00048938  0.00046518]
[-0.00047344  0.00046137]
[-0.0004573   0.00045775]
[-0.00044096  0.00045431]
[-0.00042444  0.00045105]
[-0.00040774  0.00044797]
[-0.00039089  0.00044509]
[-0.00037389  0.0004424 ]
[-0.00035676  0.0004399 ]
[-0.00033951  0.00043761]
[-0.00032216  0.0004355 ]
[-0.00030472  0.0004336 ]
[-0.00028721  0.00043191]
[-0.00026965  0.00043041]
[-0.00025205  0.00042912]
[-0.00023444  0.00042804]
[-0.00021682  0.00042717]
[-0.00019922  0.0004265 ]
[-0.00018167  0.00042605]
[-0.00016417  0.0004258 ]
[-0.00014674  0.00042576]
[-0.00012942  0.00042594]
[-0.0001122   0.00042632]
[-9.51396396e-05  4.26909194e-04]
[-7.82276190e-05  4.27711703e-04]
[-6.14893074e-05  4.28718432e-04]
[-4.49608293e-05  4.29931242e-04]
[-2.86497581e-05  4.31351066e-04]
[-1.25799047e-05  4.32973275e-04]
[3.23332104e-06 4.34794526e-04]
[1.87633568e-05 4.36819010e-04]
[3.39948922e-05 4.39037157e-04]
[4.89021317e-05 4.41448571e-04]
[6.34785704e-05 4.44052084e-04]
[7.76980194e-05 4.46844146e-04]
[9.15446878e-05 4.49818526e-04]
[0.000105   0.00045297]
[0.00011805 0.00045631]
[0.00013069 0.00045982]
[0.00014289 0.00046349]
[0.00015464 0.00046733]
[0.00016594 0.00047133]
[0.00017676 0.00047548]
[0.00018711 0.00047978]
[0.00019697 0.00048424]
[0.00020633 0.00048882]
[0.00021518 0.00049354]
[0.00022354 0.0004984 ]
[0.00023138 0.00050337]
[0.0002387  0.00050846]
[0.00024552 0.00051366]
[0.00025181 0.00051897]
[0.00025759 0.00052437]
[0.00026285 0.00052988]
[0.0002676  0.00053547]
[0.00027185 0.00054114]
[0.00027561 0.00054688]
[0.00027885 0.0005527 ]
[0.00028162 0.00055858]
[0.0002839  0.00056452]
[0.00028571 0.00057051]
[0.00028707 0.00057655]
[0.00028797 0.00058263]
[0.00028845 0.00058874]
[0.00028849 0.00059488]
[0.00028811 0.00060105]
[0.00028734 0.00060723]
[0.00028619 0.00061343]
[0.00028465 0.00061963]
[0.00028277 0.00062584]
[0.00028054 0.00063205]
[0.00027797 0.00063825]
[0.0002751  0.00064444]
[0.00027193 0.00065061]
[0.00026848 0.00065676]
[0.00026476 0.00066289]
[0.00026079 0.00066899]
[0.00025659 0.00067506]
[0.00025216 0.00068109]
[0.00024753 0.00068707]
[0.0002427  0.00069302]
[0.0002377  0.00069892]
[0.00023254 0.00070477]
[0.00022723 0.00071056]
[0.00022178 0.0007163 ]
[0.00021622 0.00072198]
[0.00021055 0.00072759]
[0.00020478 0.00073314]
[0.00019892 0.00073862]
[0.00019301 0.00074404]
[0.00018702 0.00074938]
[0.00018099 0.00075464]
[0.00017493 0.00075983]
[0.00016883 0.00076494]
[0.00016272 0.00076997]
[0.00015661 0.00077492]
[0.00015048 0.00077979]
[0.00014438 0.00078457]
[0.0001383  0.00078926]
[0.00013223 0.00079386]
[0.0001262  0.00079838]
[0.00012021 0.0008028 ]
[0.00011427 0.00080713]
[0.00010838 0.00081137]
[0.00010255 0.00081551]
[9.67798890e-05 8.19560242e-04]
[9.10863544e-05 8.23513480e-04]
[8.54617668e-05 8.27368489e-04]
[7.99167335e-05 8.31126025e-04]
[7.44504205e-05 8.34785922e-04]
[6.90790320e-05 8.38343653e-04]
[6.37910209e-05 8.41804838e-04]
[5.85974340e-05 8.45164043e-04]
[5.34955422e-05 8.48422094e-04]
[4.84935607e-05 8.51580488e-04]
[4.35905206e-05 8.54635189e-04]
[3.87935906e-05 8.57587266e-04]
[3.40931175e-05 8.60434988e-04]
[2.95076621e-05 8.63183449e-04]
[2.50183776e-05 8.65826015e-04]
[2.06416601e-05 8.68363978e-04]
[1.63714367e-05 8.70799875e-04]
[1.22075067e-05 8.73131294e-04]
[8.15734120e-06 8.75358469e-04]
[4.21517547e-06 8.77480807e-04]
[3.79475065e-07 8.79498235e-04]
[-3.34563002e-06  8.81411229e-04]
[-6.96713737e-06  8.83219129e-04]
[-1.04763757e-05  8.84923070e-04]
[-1.38797320e-05  8.86520087e-04]
[-1.71782433e-05  8.88015529e-04]
[-2.03739560e-05  8.89401648e-04]
[-2.34640253e-05  8.90684336e-04]
[-2.64524681e-05  8.91864462e-04]
[-2.93387271e-05  8.92936565e-04]
[-3.21298387e-05  8.93906142e-04]
[-3.48220073e-05  8.94769489e-04]
[-3.74172593e-05  8.95530138e-04]
[-3.99191274e-05  8.96183331e-04]
[-4.23321966e-05  8.96735160e-04]
[-4.46543871e-05  8.97181705e-04]
[-4.68917426e-05  8.97523937e-04]
[-4.90404226e-05  8.97761727e-04]
[-5.11123304e-05  8.97898175e-04]
[-5.31040439e-05  8.97931625e-04]
[-5.50189748e-05  8.97859720e-04]
[-5.68590497e-05  8.97686353e-04]
[-5.86275576e-05  8.97407670e-04]
[-6.03276827e-05  8.97031795e-04]
[-6.1964754e-05  8.9655177e-04]
[-6.35394037e-05  8.95970090e-04]
[-6.50537998e-05  8.95287137e-04]
[-6.65172333e-05  8.94502665e-04]
[-6.79217053e-05  8.93620024e-04]
[-6.92830358e-05  8.92634160e-04]
[-7.05972614e-05  8.91552696e-04]
[-7.18670179e-05  8.90371646e-04]
[-7.31032056e-05  8.89087270e-04]
[-7.42985757e-05  8.87711163e-04]
[-7.54663214e-05  8.86234946e-04]
[-7.66080515e-05  8.84662381e-04]
[-7.77215833e-05  8.82994339e-04]
[-7.88147609e-05  8.81229598e-04]
[-7.98957391e-05  8.79370239e-04]
[-8.09636908e-05  8.77416566e-04]
[-8.20197621e-05  8.75367006e-04]
[-8.30720607e-05  8.73228185e-04]
[-8.41270330e-05  8.70993794e-04]
[-8.51802820e-05  8.68671046e-04]
[-8.62453714e-05  8.66257767e-04]
[-8.73185856e-05  8.63751980e-04]
[-8.84118188e-05  8.61158853e-04]
[-8.95180105e-05  8.58481904e-04]
[-9.06531574e-05  8.55710770e-04]
[-9.18137401e-05  8.52858690e-04]
[-9.30080816e-05  8.49920826e-04]
[-9.42355719e-05  8.46893391e-04]
[-9.55037224e-05  8.43792989e-04]
[-9.68169557e-05  8.40604888e-04]
[-9.81774394e-05  8.37332206e-04]
[-9.95918288e-05  8.33988518e-04]
[-0.00010106  0.00083056]
[-0.0001026   0.00082706]
[-0.00010419  0.00082348]
[-0.00010586  0.00081982]
[-0.0001076  0.0008161]
[-0.00010941  0.0008123 ]
[-0.00011132  0.00080843]
[-0.0001133   0.00080449]
[-0.00011537  0.00080049]
[-0.00011754  0.00079642]
[-0.00011981  0.00079228]
[-0.00012218  0.00078808]
[-0.00012465  0.00078383]
[-0.00012723  0.0007795 ]
[-0.00012993  0.00077513]
[-0.00013274  0.0007707 ]
[-0.00013568  0.00076621]
[-0.00013873  0.00076167]
[-0.00014192  0.00075708]
[-0.00014524  0.00075244]
[-0.00014869  0.00074776]
[-0.00015229  0.00074303]
[-0.00015603  0.00073826]
[-0.00015991  0.00073344]
[-0.00016394  0.00072859]
[-0.00016812  0.00072371]
[-0.00017246  0.00071878]
[-0.00017696  0.00071383]
[-0.00018161  0.00070885]
[-0.00018644  0.00070383]
[-0.00019143  0.00069879]
[-0.00019658  0.00069374]
[-0.00020191  0.00068865]
[-0.00020742  0.00068355]
[-0.0002131   0.00067844]
[-0.00021897  0.00067331]
[-0.00022501  0.00066816]
[-0.00023124  0.00066302]
[-0.00023765  0.00065786]
[-0.00024426  0.0006527 ]
[-0.00025105  0.00064754]
[-0.00025803  0.00064238]
[-0.00026521  0.00063722]
[-0.00027258  0.00063208]
[-0.00028015  0.00062694]
[-0.00028792  0.00062181]
[-0.00029589  0.0006167 ]
[-0.00030404  0.00061161]
[-0.00031241  0.00060653]
[-0.00032098  0.00060148]
[-0.00032974  0.00059645]
[-0.00033872  0.00059145]
[-0.00034788  0.00058648]
[-0.00035727  0.00058155]
[-0.00036684  0.00057665]
[-0.00037663  0.00057179]
[-0.00038661  0.00056698]
[-0.0003968  0.0005622]
[-0.00040719  0.00055748]
[-0.00041779  0.00055281]
[-0.00042859  0.00054819]
[-0.00043958  0.00054363]
[-0.00045078  0.00053913]
[-0.00046218  0.00053468]
[-0.00047376  0.00053031]
[-0.00048556  0.000526  ]
[-0.00049754  0.00052176]
[-0.00050971  0.00051759]
[-0.00052208  0.0005135 ]
[-0.00053463  0.00050949]
[-0.00054737  0.00050556]
[-0.0005603   0.00050171]
[-0.00057341  0.00049795]
[-0.00058669  0.00049428]
[-0.00060015  0.0004907 ]
[-0.00061379  0.00048722]
[-0.00062759  0.00048383]
[-0.00064156  0.00048055]
[-0.0006557   0.00047737]
[-0.00066999  0.00047429]
[-0.00068443  0.00047132]
[-0.00069903  0.00046846]
[-0.00071377  0.00046572]
[-0.00072866  0.00046309]
[-0.00074368  0.00046057]
[-0.00075883  0.00045818]
[-0.00077411  0.00045591]
[-0.00078951  0.00045376]
[-0.00080503  0.00045174]
[-0.00082065  0.00044985]
[-0.00083638  0.00044809]
[-0.00085221  0.00044646]
[-0.00086812  0.00044497]
[-0.00088411  0.00044362]
[-0.00090019  0.0004424 ]
[-0.00091634  0.00044132]
[-0.00093254  0.00044038]
[-0.0009488  0.0004396]
[-0.0009651   0.00043895]
[-0.00098144  0.00043845]
[-0.00099781  0.0004381 ]
[-0.00101419  0.0004379 ]
[-0.00103059  0.00043785]
[-0.00104699  0.00043796]
[-0.00106339  0.00043821]
[-0.00107976  0.00043862]
[-0.00109611  0.00043918]
[-0.00111242  0.0004399 ]
[-0.00112868  0.00044078]
[-0.00114488  0.00044181]
[-0.00116101  0.000443  ]
[-0.00117706  0.00044434]
[-0.00119302  0.00044584]
[-0.00120886  0.00044751]
[-0.0012246   0.00044932]
[-0.00124021  0.00045129]
[-0.00125568  0.00045342]
[-0.001271   0.0004557]
[-0.00128615  0.00045814]
[-0.00130112  0.00046074]
[-0.00131591  0.00046348]
[-0.0013305   0.00046638]
[-0.00134487  0.00046942]
[-0.00135901  0.00047262]
[-0.00137291  0.00047596]
[-0.00138657  0.00047944]
[-0.00139995  0.00048307]
[-0.00141305  0.00048684]
[-0.00142587  0.00049075]
[-0.00143838  0.00049479]
[-0.00145058  0.00049897]
[-0.00146245  0.00050328]
[-0.00147397  0.00050771]
[-0.00148515  0.00051227]
[-0.00149596  0.00051695]
[-0.00150639  0.00052174]
[-0.00151645  0.00052665]
[-0.0015261   0.00053166]
[-0.00153534  0.00053679]
[-0.00154417  0.00054201]
[-0.00155257  0.00054733]
[-0.00156054  0.00055274]
[-0.00156806  0.00055824]
[-0.00157512  0.00056382]
[-0.00158173  0.00056948]
[-0.00158787  0.00057521]
[-0.00159353  0.00058101]
[-0.00159872  0.00058687]
[-0.00160341  0.00059279]
[-0.00160762  0.00059876]
[-0.00161134  0.00060478]
[-0.00161455  0.00061083]
[-0.00161727  0.00061693]
[-0.00161948  0.00062304]
[-0.00162119  0.00062918]
[-0.0016224   0.00063534]
[-0.0016231   0.00064151]
[-0.0016233   0.00064768]
[-0.00162301  0.00065386]
[-0.00162221  0.00066002]
[-0.00162091  0.00066617]
[-0.00161913  0.0006723 ]
[-0.00161685  0.0006784 ]
[-0.0016141   0.00068448]
[-0.00161088  0.00069052]
[-0.00160718  0.0006965 ]
[-0.00160302  0.00070245]
[-0.00159841  0.00070833]
[-0.00159335  0.00071416]
[-0.00158786  0.00071992]
[-0.00158194  0.00072561]
[-0.0015756   0.00073121]
[-0.00156886  0.00073673]
[-0.00156173  0.00074217]
[-0.00155421  0.00074751]
[-0.00154631  0.00075275]
[-0.00153806  0.00075789]
[-0.00152946  0.00076292]
[-0.00152053  0.00076783]
[-0.00151128  0.00077263]
[-0.00150172  0.00077731]
[-0.00149186  0.00078185]
[-0.00148172  0.00078627]
[-0.00147132  0.00079055]
[-0.00146066  0.00079469]
[-0.00144976  0.00079869]
[-0.00143863  0.00080255]
[-0.00142729  0.00080625]
[-0.00141575  0.0008098 ]
[-0.00140402  0.0008132 ]
[-0.00139212  0.00081643]
[-0.00138006  0.00081951]
[-0.00136786  0.00082243]
[-0.00135551  0.00082517]
[-0.00134305  0.00082775]
[-0.00133048  0.00083016]
[-0.0013178   0.00083239]
[-0.00130504  0.00083446]
[-0.00129221  0.00083635]
[-0.00127931  0.00083806]
[-0.00126636  0.00083959]
[-0.00125336  0.00084095]
[-0.00124033  0.00084212]
[-0.00122728  0.00084311]
[-0.0012142   0.00084392]
[-0.00120112  0.00084455]
[-0.00118805  0.000845  ]
[-0.00117498  0.00084526]
[-0.00116193  0.00084533]
[-0.0011489   0.00084523]
[-0.0011359   0.00084495]
[-0.00112293  0.00084447]
[-0.00111001  0.00084382]
[-0.00109714  0.00084298]
[-0.00108431  0.00084196]
[-0.00107154  0.00084076]
[-0.00105883  0.00083938]
[-0.00104619  0.00083782]
[-0.00103361  0.00083608]
[-0.0010211   0.00083416]
[-0.00100866  0.00083206]
[-0.0009963   0.00082979]
[-0.00098401  0.00082734]
[-0.0009718   0.00082471]
[-0.00095967  0.00082192]
[-0.00094761  0.00081895]
[-0.00093564  0.00081581]
[-0.00092375  0.00081251]
[-0.00091193  0.00080903]
[-0.0009002   0.00080539]
[-0.00088854  0.00080159]
[-0.00087695  0.00079763]
[-0.00086545  0.00079351]
[-0.00085401  0.00078922]
[-0.00084265  0.00078479]
[-0.00083135  0.00078019]
[-0.00082012  0.00077545]
[-0.00080896  0.00077056]
[-0.00079785  0.00076551]
[-0.00078681  0.00076033]
[-0.00077582  0.00075499]
[-0.00076488  0.00074952]
[-0.00075399  0.00074391]
[-0.00074314  0.00073816]
[-0.00073233  0.00073227]
[-0.00072155  0.00072626]
[-0.00071081  0.00072011]
[-0.00070009  0.00071384]
[-0.0006894   0.00070745]
[-0.00067873  0.00070093]
[-0.00066806  0.00069429]
[-0.0006574   0.00068753]
[-0.00064675  0.00068067]
[-0.00063609  0.00067369]
[-0.00062542  0.0006666 ]
[-0.00061474  0.00065941]
[-0.00060405  0.00065211]
[-0.00059333  0.00064472]
[-0.00058258  0.00063723]
[-0.00057179  0.00062964]
[-0.00056097  0.00062197]
[-0.00055009  0.0006142 ]
[-0.00053917  0.00060636]
[-0.00052819  0.00059843]
[-0.00051714  0.00059042]
[-0.00050603  0.00058234]
[-0.00049484  0.00057419]
[-0.00048357  0.00056596]
[-0.00047221  0.00055768]
[-0.00046076  0.00054933]
[-0.00044922  0.00054092]
[-0.00043757  0.00053246]
[-0.00042582  0.00052394]
[-0.00041395  0.00051538]
[-0.00040195  0.00050677]
[-0.00038984  0.00049812]
[-0.00037759  0.00048943]
[-0.00036521  0.00048072]
[-0.00035269  0.00047196]
[-0.00034002  0.00046319]
[-0.0003272   0.00045439]
[-0.00031422  0.00044557]
[-0.00030108  0.00043673]
[-0.00028777  0.00042788]
[-0.0002743   0.00041902]
[-0.00026065  0.00041016]
[-0.00024681  0.00040129]
[-0.0002328   0.00039244]
[-0.00021859  0.00038358]
[-0.00020419  0.00037474]
[-0.0001896   0.00036591]
[-0.0001748  0.0003571]
[-0.0001598   0.00034831]
[-0.00014459  0.00033955]
[-0.00012917  0.00033082]
[-0.00011354  0.00032213]
[-9.76814670e-05  3.13462897e-04]
[-8.16099340e-05  3.04849254e-04]
[-6.53112769e-05  2.96278118e-04]
[-4.87833521e-05  2.87755017e-04]
[-3.20299086e-05  2.79289367e-04]
[-1.50454426e-05  2.70878324e-04]
[2.17125986e-06 2.62528770e-04]
[1.96253798e-05 2.54249981e-04]
[3.73183939e-05 2.46034900e-04]
[5.52468491e-05 2.37893338e-04]
[7.34171101e-05 2.29833875e-04]
[9.18307263e-05 2.21853863e-04]
[0.00011048 0.00021396]
[0.00012938 0.00020615]
[0.00014852 0.00019844]
[0.00016791 0.00019082]
[0.00018754 0.00018331]
[0.00020741 0.0001759 ]
[0.00022753 0.00016859]
[0.0002479 0.0001614]
[0.00026851 0.00015432]
[0.00028936 0.00014736]
[0.00031045 0.00014053]
[0.00033178 0.00013382]
[0.00035336 0.00012724]
[0.00037517 0.0001208 ]
[0.00039722 0.00011449]
[0.0004195  0.00010832]
[0.00044202 0.0001023 ]
[4.64764797e-04 9.64270244e-05]
[4.87736021e-04 9.07045831e-05]
[5.10939825e-04 8.51272309e-05]
[5.34364640e-04 7.97161957e-05]
[5.58003638e-04 7.44658930e-05]
[5.81863724e-04 6.93683313e-05]
[6.05932944e-04 6.44447421e-05]
[6.30216793e-04 5.96948790e-05]
[6.54707005e-04 5.51087035e-05]
[6.79391738e-04 5.06960730e-05]
[7.04285027e-04 4.64737154e-05]
[7.29366106e-04 4.24259790e-05]
[7.54634986e-04 3.85527716e-05]
[7.80091225e-04 3.48750354e-05]
[8.05727293e-04 3.13910113e-05]
[8.31542617e-04 2.80851495e-05]
[8.57521520e-04 2.49783556e-05]
[8.83668541e-04 2.20741955e-05]
[9.09978551e-04 1.93563683e-05]
[9.36441457e-04 1.68419637e-05]
[9.63052204e-04 1.45374197e-05]
[9.89806796e-04 1.24349699e-05]
[1.01669930e-03 1.05293385e-05]
[1.04372213e-03 8.84307385e-06]
[1.07087125e-03 7.36549597e-06]
[1.09814272e-03 6.09371137e-06]
[1.12552363e-03 5.04134571e-06]
[1.15301100e-03 4.20752382e-06]
[1.18059919e-03 3.58423877e-06]
[1.20828214e-03 3.18010863e-06]
[1.23604651e-03 3.00284021e-06]
[1.26389350e-03 3.04069377e-06]
[1.2918112e-03 3.2982601e-06]
[1.31979219e-03 3.78711031e-06]
[1.34783142e-03 4.49918349e-06]
[1.37592249e-03 5.43109558e-06]
[1.40405708e-03 6.59623466e-06]
[1.43222759e-03 7.98927905e-06]
[1.46042031e-03 9.60184948e-06]
[1.48863447e-03 1.14537577e-05]
[1.51686315e-03 1.35319733e-05]
[1.54509196e-03 1.58357842e-05]
[1.57331821e-03 1.83753639e-05]
[1.60152895e-03 2.11439936e-05]
[1.62972066e-03 2.41441730e-05]
[1.65787868e-03 2.73755414e-05]
[1.68600415e-03 3.08390993e-05]
[1.71408221e-03 3.45311683e-05]
[1.74210160e-03 3.84595876e-05]
[1.77005632e-03 4.26175156e-05]
[1.79794407e-03 4.70023588e-05]
[1.82574608e-03 5.16231815e-05]
[1.85345672e-03 5.64683682e-05]
[1.88106752e-03 6.15452430e-05]
[1.90856770e-03 6.68547539e-05]
[1.93594926e-03 7.23850226e-05]
[1.96320921e-03 7.81488748e-05]
[1.99032432e-03 8.41405262e-05]
[2.01729709e-03 9.03505861e-05]
[2.04411066e-03 9.67892987e-05]
[0.00207076 0.00010345]
[0.00209723 0.00011033]
[0.00212353 0.00011744]
[0.00214962 0.00012476]
[0.00217551 0.0001323 ]
[0.00220118 0.00014005]
[0.00222663 0.00014802]
[0.00225185 0.0001562 ]
[0.00227682 0.00016459]
[0.00230153 0.00017319]
[0.00232598 0.000182  ]
[0.00235016 0.000191  ]
[0.00237405 0.00020021]
[0.00239765 0.00020962]
[0.00242095 0.00021922]
[0.00244392 0.00022901]
[0.00246658 0.000239  ]
[0.00248889 0.00024917]
[0.00251087 0.00025952]
[0.00253248 0.00027005]
[0.00255374 0.00028077]
[0.00257461 0.00029165]
[0.00259511 0.00030271]
[0.0026152  0.00031393]
[0.0026349  0.00032532]
[0.00265418 0.00033687]
[0.00267303 0.00034857]
[0.00269146 0.00036042]
[0.00270944 0.00037241]
[0.00272697 0.00038456]
[0.00274404 0.00039683]
[0.00276064 0.00040925]
[0.00277676 0.00042179]
[0.0027924  0.00043445]
[0.00280754 0.00044724]
[0.00282219 0.00046014]
[0.00283631 0.00047314]
[0.00284992 0.00048626]
[0.00286302 0.00049947]
[0.00287557 0.00051277]
[0.00288758 0.00052616]
[0.00289905 0.00053964]
[0.00290997 0.00055319]
[0.00292032 0.00056681]
[0.00293012 0.0005805 ]
[0.00293934 0.00059425]
[0.00294799 0.00060805]
[0.00295606 0.0006219 ]
[0.00296355 0.00063579]
[0.00297045 0.00064971]
[0.00297676 0.00066367]
[0.00298248 0.00067764]
[0.0029876  0.00069163]
[0.00299212 0.00070563]
[0.00299604 0.00071964]
[0.00299936 0.00073364]
[0.00300208 0.00074763]
[0.00300419 0.0007616 ]
[0.0030057  0.00077555]
[0.0030066  0.00078947]
[0.0030069  0.00080336]
[0.0030066 0.0008172]
[0.0030057  0.00083099]
[0.00300421 0.00084473]
[0.00300211 0.0008584 ]
[0.00299943 0.00087201]
[0.00299616 0.00088553]
[0.0029923  0.00089898]
[0.00298786 0.00091234]
[0.00298285 0.00092559]
[0.00297726 0.00093875]
[0.00297111 0.0009518 ]
[0.00296441 0.00096473]
[0.00295715 0.00097755]
[0.00294935 0.00099023]
[0.00294101 0.00100278]
[0.00293214 0.00101519]
[0.00292275 0.00102746]
[0.00291285 0.00103957]
[0.00290244 0.00105153]
[0.00289154 0.00106332]
[0.00288015 0.00107494]
[0.00286828 0.00108639]
[0.00285596 0.00109766]
[0.00284317 0.00110874]
[0.00282994 0.00111963]
[0.00281628 0.00113033]
[0.00280219 0.00114082]
[0.0027877  0.00115111]
[0.0027728 0.0011612]
[0.00275751 0.00117106]
[0.00274185 0.0011807 ]
[0.00272582 0.00119013]
[0.00270945 0.00119932]
[0.00269272 0.00120828]
[0.00267567 0.00121701]
[0.00265831 0.0012255 ]
[0.00264063 0.00123374]
[0.00262267 0.00124174]
[0.00260443 0.00124949]
[0.00258591 0.00125699]
[0.00256714 0.00126423]
[0.00254813 0.00127122]
[0.00252888 0.00127793]
[0.00250942 0.00128439]
[0.00248975 0.00129059]
[0.00246988 0.00129651]
[0.00244982 0.00130216]
[0.00242958 0.00130754]
[0.00240919 0.00131265]
[0. 0.]
