[-1.28941542  1.1580803 ]
[-1.29304285  1.15767548]
[-1.29665654  1.15731638]
[-1.30024645  1.15700307]
[-1.30382034  1.15673558]
[-1.30736633  1.15651397]
[-1.31089376  1.15633825]
[-1.31439931  1.15620843]
[-1.31787683  1.15612454]
[-1.32133193  1.15608656]
[-1.32475468  1.1560945 ]
[-1.32815554  1.15614833]
[-1.33152703  1.15624803]
[-1.33486858  1.15639355]
[-1.33817835  1.15658486]
[-1.34145601  1.15682189]
[-1.34470177  1.15710458]
[-1.34791418  1.15743286]
[-1.35109064  1.15780664]
[-1.35422943  1.15822582]
[-1.35733575  1.15869031]
[-1.36039964  1.15919999]
[-1.36342568  1.15975473]
[-1.36640702  1.16035441]
[-1.3693526   1.16099888]
[-1.37224761  1.16168799]
[-1.37510138  1.16242158]
[-1.37790923  1.16319948]
[-1.38067105  1.1640215 ]
[-1.3833846   1.16488746]
[-1.38604973  1.16579715]
[-1.38865796  1.16675037]
[-1.39121725  1.1677469 ]
[-1.39372268  1.16878651]
[-1.39617155  1.16986894]
[-1.39856476  1.17099397]
[-1.40090205  1.17216134]
[-1.40317419  1.17337076]
[-1.40538996  1.17462196]
[-1.40754262  1.17591467]
[-1.40963201  1.17724857]
[-1.41165122  1.17862336]
[-1.41360851  1.18003873]
[-1.41549332  1.18149435]
[-1.4173082   1.18298988]
[-1.41905152  1.18452497]
[-1.42071876  1.18609928]
[-1.42231533  1.18771243]
[-1.4238296   1.18936405]
[-1.42526724  1.19105375]
[-1.4266274   1.19278114]
[-1.42790029  1.19454581]
[-1.42908864  1.19634735]
[-1.43019165  1.19818532]
[-1.43120076  1.2000593 ]
[-1.43212659  1.20196884]
[-1.43295366  1.20391348]
[-1.43368729  1.20589275]
[-1.43432598  1.20790618]
[-1.43486335  1.20995327]
[-1.43529965  1.21203353]
[-1.43562884  1.21414645]
[-1.43585541  1.2162915 ]
[-1.43597133  1.21846815]
[-1.43597894  1.22067585]
[-1.43586851  1.22291405]
[-1.43564147  1.22518218]
[-1.43529622  1.22747966]
[-1.43482926  1.22980589]
[-1.43423552  1.23216026]
[-1.43351278  1.23454217]
[-1.43266007  1.23695096]
[-1.43167366  1.239386  ]
[-1.43054522  1.24184661]
[-1.42927879  1.24433213]
[-1.42786813  1.24684186]
[-1.42630854  1.2493751 ]
[-1.42459508  1.25193112]
[-1.42272457  1.25450917]
[-1.42069578  1.25710851]
[-1.41850111  1.25972834]
[-1.41614365  1.26236788]
[-1.41361041  1.26502631]
[-1.41089645  1.26770281]
[-1.40800606  1.2703965 ]
[-1.40492671  1.27310651]
[-1.40165341  1.27583194]
[-1.39818848  1.27857187]
[-1.39451687  1.28132535]
[-1.39063997  1.28409141]
[-1.38654696  1.28686903]
[-1.38223717  1.28965719]
[-1.37770991  1.29245375]
[-1.37295626  1.29525878]
[-1.36796031  1.29807114]
[-1.36272415  1.30088969]
[-1.35723434  1.30371324]
[-1.35148636  1.30654057]
[-1.34547031  1.3093704 ]
[-1.3391815   1.31220145]
[-1.33261679  1.31503237]
[-1.32575505  1.31786176]
[-1.31860013  1.3206882 ]
[-1.31113684  1.32351021]
[-1.30336049  1.32632625]
[-1.29525861  1.32913474]
[-1.28682255  1.33193406]
[-1.27804646  1.3347225 ]
[-1.26891744  1.33749833]
[-1.2594261   1.34025972]
[-1.24956267  1.34300482]
[-1.23931737  1.34573168]
[-1.2286808  1.3484383]
[-1.21764014  1.35112262]
[-1.20618653  1.35378248]
[-1.19431251  1.3564157 ]
[-1.18200258  1.35901996]
[-1.16925202  1.36159292]
[-1.15604283  1.36413214]
[-1.14237432  1.3666351 ]
[-1.12823337  1.36909923]
[-1.11360925  1.37152185]
[-1.0984956   1.37390024]
[-1.08288157  1.37623158]
[-1.06676502  1.37851299]
[-1.05013599  1.38074152]
[-1.03298828  1.38291417]
[-1.01531928  1.38502787]
[-0.99712734  1.3870795 ]
[-0.97841089  1.38906591]
[-0.95916565  1.39098389]
[-0.93939276  1.39283024]
[-0.91910644  1.39460172]
[-0.8983002   1.39629511]
[-0.87698562  1.39790719]
[-0.85518066  1.39943479]
[-0.83288089  1.40087477]
[-0.8101157   1.40222408]
[-0.78689901  1.40347973]
[-0.76325118  1.40463886]
[-0.73919079  1.40569872]
[-0.7147487   1.40665674]
[-0.68995197  1.40751047]
[-0.66482905  1.4082577 ]
[-0.63941077  1.4088964 ]
[-0.61373802  1.40942478]
[-0.58784485  1.40984129]
[-0.56176682  1.41014464]
[-0.53554802  1.41033383]
[-0.5092217   1.41040811]
[-0.48283558  1.41036704]
[-0.45642867  1.41021048]
[-0.43004104  1.40993857]
[-0.40371297  1.40955175]
[-0.37748408  1.40905074]
[-0.35139697  1.40843654]
[-0.32548393  1.40771041]
[-0.29978283  1.40687388]
[-0.27432862  1.40592869]
[-0.24914546  1.40487684]
[-0.22427084  1.40372049]
[-0.19971773  1.40246199]
[-0.17552451  1.40110388]
[-0.15169942  1.39964879]
[-0.12827224  1.3980995 ]
[-0.10524803  1.3964589 ]
[-0.08264531  1.39472992]
[-0.06047724  1.39291558]
[-0.03874333  1.39101894]
[-0.0174589   1.38904307]
[0.00337911 1.38699107]
[0.02376501 1.38486602]
[0.0436964  1.38267099]
[0.06318227 1.38040905]
[0.08221678 1.3780832 ]
[0.10080647 1.37569641]
[0.11895841 1.3732516 ]
[0.13667495 1.37075164]
[0.15396969 1.36819934]
[0. 0.]
