[-1.28941574  1.1580803 ]
[-1.29304485  1.15767548]
[-1.29665714  1.15731638]
[-1.3002462   1.15700307]
[-1.30381877  1.15673559]
[-1.30736816  1.15651397]
[-1.31089417  1.15633825]
[-1.31439838  1.15620843]
[-1.31787594  1.15612454]
[-1.32132979  1.15608656]
[-1.32475439  1.1560945 ]
[-1.32815268  1.15614834]
[-1.33152802  1.15624803]
[-1.33487078  1.15639356]
[-1.33818247  1.15658486]
[-1.34145716  1.15682189]
[-1.34470311  1.15710458]
[-1.34791381  1.15743286]
[-1.35109143  1.15780664]
[-1.35423263  1.15822582]
[-1.35733701  1.15869031]
[-1.36040117  1.15919999]
[-1.36342624  1.15975473]
[-1.36641149  1.16035441]
[-1.36934984  1.16099888]
[-1.3722507   1.16168799]
[-1.37510544  1.16242158]
[-1.37791035  1.16319947]
[-1.3806726  1.1640215]
[-1.38338513  1.16488746]
[-1.38604754  1.16579715]
[-1.38865847  1.16675038]
[-1.39121831  1.1677469 ]
[-1.39372275  1.16878651]
[-1.3961729   1.16986894]
[-1.39856644  1.17099397]
[-1.40089939  1.17216134]
[-1.40317418  1.17337076]
[-1.40539186  1.17462196]
[-1.40754215  1.17591467]
[-1.40962921  1.17724857]
[-1.41165308  1.17862336]
[-1.41360665  1.18003873]
[-1.41549365  1.18149435]
[-1.41730934  1.18298988]
[-1.41905221  1.18452497]
[-1.42071891  1.18609928]
[-1.42231666  1.18771243]
[-1.42383062  1.18936405]
[-1.42526869  1.19105375]
[-1.42662462  1.19278114]
[-1.42789835  1.19454581]
[-1.42908924  1.19634735]
[-1.43018786  1.19818532]
[-1.43120312  1.20005931]
[-1.4321246   1.20196884]
[-1.43295392  1.20391348]
[-1.43368785  1.20589275]
[-1.43432773  1.20790618]
[-1.43486499  1.20995327]
[-1.43529877  1.21203353]
[-1.43563275  1.21414645]
[-1.4358564  1.2162915]
[-1.43597294  1.21846815]
[-1.43597598  1.22067585]
[-1.43587035  1.22291405]
[-1.43564179  1.22518218]
[-1.43529543  1.22747966]
[-1.43482899  1.22980589]
[-1.43423683  1.23216026]
[-1.43351531  1.23454216]
[-1.43266105  1.23695096]
[-1.43167209  1.23938599]
[-1.43054618  1.24184661]
[-1.42927867  1.24433213]
[-1.42786672  1.24684187]
[-1.42630603  1.2493751 ]
[-1.4245946   1.25193112]
[-1.4227265   1.25450917]
[-1.42069657  1.25710851]
[-1.41850519  1.25972834]
[-1.41614273  1.26236788]
[-1.41360979  1.26502632]
[-1.41090078  1.2677028 ]
[-1.40800598  1.27039649]
[-1.40492782  1.27310651]
[-1.40165644  1.27583194]
[-1.39818437  1.27857188]
[-1.39451737  1.28132535]
[-1.3906388   1.28409141]
[-1.38654795  1.28686903]
[-1.38223743  1.28965719]
[-1.37770152  1.29245484]
[-1.37293338  1.29526088]
[-1.3679279   1.29807418]
[-1.36267671  1.3008936 ]
[-1.35717574  1.30371795]
[-1.35141624  1.30654598]
[-1.34538908  1.30937645]
[-1.33908218  1.31220805]
[-1.33250216  1.31503942]
[-1.32562951  1.31786918]
[-1.31845579  1.32069588]
[-1.3109824   1.32351806]
[-1.30318798  1.32633417]
[-1.29506913  1.32914263]
[-1.28661562  1.33194179]
[-1.27782101  1.33472998]
[-1.26867426  1.33750542]
[-1.25916416  1.34026631]
[-1.24928241  1.34301078]
[-1.23901868  1.34573688]
[-1.22836197  1.34844261]
[-1.2173034   1.35112589]
[-1.20582761  1.35378458]
[-1.19393197  1.35641646]
[-1.18160168  1.35901925]
[-1.16882652  1.36159057]
[-1.1555959   1.36412798]
[-1.14190754  1.36662898]
[-1.12774067  1.36909096]
[-1.11309292  1.37151127]
[-1.09795692  1.37388716]
[-1.08232066  1.37621581]
[-1.0661815   1.37849435]
[-1.04952492  1.38071983]
[-1.03235817  1.38288922]
[-1.01466296  1.38499947]
[-0.99644886  1.38704745]
[-0.977709    1.38903001]
[-0.95843971  1.39094394]
[-0.93864856  1.39278604]
[-0.91833902  1.39455307]
[-0.89751238  1.39624181]
[-0.8761807   1.39784905]
[-0.85435336  1.39937162]
[-0.83204416  1.40080638]
[-0.80926237  1.40215029]
[-0.78603352  1.40340037]
[-0.76237123  1.40455376]
[-0.73830215  1.40560773]
[-0.71385061  1.40655971]
[-0.68904781  1.40740728]
[-0.66392056  1.40814823]
[-0.63850409  1.40878054]
[-0.61283097  1.40930243]
[-0.58694244  1.40971239]
[-0.56086726  1.41000913]
[-0.53465442  1.41019165]
[-0.50834322  1.41025925]
[-0.48196716  1.41021149]
[-0.45557581  1.41004824]
[-0.42920334  1.40976967]
[-0.40289668  1.40937622]
[-0.37669084  1.40886863]
[-0.35062376  1.40824792]
[-0.3247388   1.40751536]
[-0.29906405  1.40667249]
[-0.27363125  1.40572107]
[-0.24848299  1.4046631 ]
[-0.22363431  1.40350075]
[-0.19911677  1.40223638]
[-0.17495265  1.40087252]
[-0.15116077  1.39941184]
[-0.12776463  1.39785711]
[-0.10477382  1.3962112 ]
[-0.08220586  1.39447706]
[-0.06006641  1.39265772]
[-0.03836759  1.39075621]
[-0.01711426  1.38877563]
[0.00368818 1.38671906]
[0.02404448 1.38458959]
[0.04394754 1.3823903 ]
[0.06339928 1.38012422]
[0.08240329 1.37779437]
[0.10096203 1.37540371]
[0.11908737 1.37295516]
[0.13677994 1.37045159]
[0.15404357 1.36789579]
[0. 0.]
