[-2.31522007e-05  3.39830709e-05]
[-2.20506158e-05  3.49099172e-05]
[-2.09514941e-05  3.57911892e-05]
[-1.98506309e-05  3.66212132e-05]
[-1.87524825e-05  3.74045130e-05]
[-1.76560731e-05  3.81389172e-05]
[-1.65621570e-05  3.88255439e-05]
[-1.54694934e-05  3.94630804e-05]
[-1.43863221e-05  4.00538281e-05]
[-1.33097957e-05  4.05959960e-05]
[-1.22314121e-05  4.10896278e-05]
[-1.11682182e-05  4.15358683e-05]
[-1.01132411e-05  4.19368345e-05]
[-9.06576169e-06  4.22905518e-05]
[-8.02296424e-06  4.25955094e-05]
[-7.00196535e-06  4.28536621e-05]
[-5.99067961e-06  4.30672511e-05]
[-4.98968546e-06  4.32340099e-05]
[-4.00050823e-06  4.33572568e-05]
[-3.03004739e-06  4.34344501e-05]
[-2.07538332e-06  4.34652649e-05]
[-1.13430521e-06  4.34543230e-05]
[-2.10492501e-07  4.33981677e-05]
[6.91185168e-07 4.32994010e-05]
[1.58106001e-06 4.31565859e-05]
[2.44514860e-06 4.29729993e-05]
[3.29532479e-06 4.27472263e-05]
[4.12093266e-06 4.24811830e-05]
[4.92653167e-06 4.21719283e-05]
[5.71238857e-06 4.18243780e-05]
[6.47180838e-06 4.14372668e-05]
[7.2099029e-06 4.1011222e-05]
[7.92305485e-06 4.05466821e-05]
[8.61151714e-06 4.00441986e-05]
[9.26934078e-06 3.95070364e-05]
[9.91033410e-06 3.89331426e-05]
[1.05198933e-05 3.83243312e-05]
[1.11092089e-05 3.76795588e-05]
[1.16669146e-05 3.70018383e-05]
[1.21915540e-05 3.62935095e-05]
[1.27025246e-05 3.55507242e-05]
[1.31697888e-05 3.47785041e-05]
[1.36175217e-05 3.39756645e-05]
[1.40323253e-05 3.31431113e-05]
[1.44221698e-05 3.22815359e-05]
[1.47799640e-05 3.13933369e-05]
[1.51055024e-05 3.04769356e-05]
[1.54003225e-05 2.95357078e-05]
[1.56600217e-05 2.85707335e-05]
[1.58958554e-05 2.75793298e-05]
[1.60960037e-05 2.65664191e-05]
[1.62624452e-05 2.55311508e-05]
[1.63987450e-05 2.44760409e-05]
[1.65112374e-05 2.34000306e-05]
[1.65799990e-05 2.23039967e-05]
[1.66219620e-05 2.11916146e-05]
[1.66360870e-05 2.00631615e-05]
[1.66122341e-05 1.89183067e-05]
[1.65559411e-05 1.77586075e-05]
[1.64720887e-05 1.65858237e-05]
[1.63437080e-05 1.54003758e-05]
[1.61997444e-05 1.42031576e-05]
[1.60143569e-05 1.29960585e-05]
[1.57948148e-05 1.17797189e-05]
[1.55451636e-05 1.05554684e-05]
[1.52715577e-05 9.32406498e-06]
[1.49523183e-05 8.08625747e-06]
[1.46127732e-05 6.84308276e-06]
[1.42335396e-05 5.59515511e-06]
[1.38187548e-05 4.34594216e-06]
[1.33863163e-05 3.09546283e-06]
[1.29140523e-05 1.84280007e-06]
[1.24107183e-05 5.92605982e-07]
[ 1.18821198e-05 -6.57293218e-07]
[ 1.13178417e-05 -1.90435328e-06]
[ 1.07279410e-05 -3.14942368e-06]
[ 1.01088313e-05 -4.38911440e-06]
[ 9.45489479e-06 -5.62062574e-06]
[ 8.78770787e-06 -6.84897238e-06]
[ 8.07392298e-06 -8.06664032e-06]
[ 7.34205041e-06 -9.27663670e-06]
[ 6.58483734e-06 -1.04773411e-05]
[ 5.79907857e-06 -1.16678804e-05]
[ 4.99156115e-06 -1.28466448e-05]
[ 4.15329753e-06 -1.40127191e-05]
[ 3.28863734e-06 -1.51631908e-05]
[ 2.39879775e-06 -1.63008874e-05]
[ 1.50084560e-06 -1.74256066e-05]
[ 5.66559567e-07 -1.85329692e-05]
[-3.78516498e-07 -1.96225393e-05]
[-1.34842131e-06 -2.06944288e-05]
[-2.33305496e-06 -2.17494739e-05]
[-3.34226696e-06 -2.27853149e-05]
[-4.37112032e-06 -2.38019916e-05]
[-5.40737038e-06 -2.47989981e-05]
[-6.45417988e-06 -2.57733040e-05]
[-7.51778448e-06 -2.67260996e-05]
[-8.59072413e-06 -2.76584766e-05]
[-9.67098366e-06 -2.85661452e-05]
[-1.07654831e-05 -2.94521632e-05]
[-1.18578839e-05 -3.03135080e-05]
[-1.29542228e-05 -3.11510599e-05]
[-1.40516564e-05 -3.19651543e-05]
[-1.51480110e-05 -3.27537694e-05]
[-1.62465547e-05 -3.35189353e-05]
[-1.73297407e-05 -3.42595055e-05]
[-1.84052931e-05 -3.49746022e-05]
[-1.94788261e-05 -3.56661316e-05]
[-2.05289867e-05 -3.63318096e-05]
[-2.15681716e-05 -3.69727824e-05]
[-2.25738184e-05 -3.75917062e-05]
[-2.35619182e-05 -3.81849172e-05]
[-2.45160780e-05 -3.87548419e-05]
[-2.54374500e-05 -3.93036726e-05]
[-2.63284293e-05 -3.98295152e-05]
[-2.71739426e-05 -4.03318000e-05]
[-2.79721797e-05 -4.08166699e-05]
[-2.87195326e-05 -4.12797333e-05]
[-2.94118153e-05 -4.17236899e-05]
[-3.00313509e-05 -4.21523818e-05]
[-3.05927110e-05 -4.25644117e-05]
[-3.10805391e-05 -4.29603779e-05]
[-3.14844054e-05 -4.33443951e-05]
[-3.18131036e-05 -4.37163069e-05]
[-3.20420358e-05 -4.40818647e-05]
[-3.21721620e-05 -4.44384177e-05]
[-3.22136423e-05 -4.47875038e-05]
[-3.21351704e-05 -4.51378605e-05]
[-3.19510869e-05 -4.54872754e-05]
[-3.16433475e-05 -4.58393270e-05]
[-3.12295251e-05 -4.61954809e-05]
[-3.06658208e-05 -4.65618370e-05]
[-2.99825736e-05 -4.69418788e-05]
[-2.91738311e-05 -4.73336898e-05]
[-2.82172608e-05 -4.77449043e-05]
[-2.71269338e-05 -4.81819050e-05]
[-2.58992482e-05 -4.86396078e-05]
[-2.45419469e-05 -4.91289241e-05]
[-2.30466360e-05 -4.96510029e-05]
[-2.14239854e-05 -5.02089400e-05]
[-1.96694493e-05 -5.08092623e-05]
[-1.78035738e-05 -5.14533028e-05]
[-1.58194868e-05 -5.21452705e-05]
[-1.37317735e-05 -5.28891590e-05]
[-1.15719884e-05 -5.36891147e-05]
[-9.32241717e-06 -5.45512722e-05]
[-6.98320327e-06 -5.54738480e-05]
[-4.61079289e-06 -5.64629457e-05]
[-2.19468994e-06 -5.75211423e-05]
[ 2.53389361e-07 -5.86527108e-05]
[ 2.70783669e-06 -5.98585276e-05]
[ 5.16375506e-06 -6.11417343e-05]
[ 7.59855462e-06 -6.25058214e-05]
[ 1.00078404e-05 -6.39521006e-05]
[ 1.23601515e-05 -6.54820353e-05]
[ 1.46563202e-05 -6.70962976e-05]
[ 1.68889202e-05 -6.87961234e-05]
[ 1.90528216e-05 -7.05837040e-05]
[ 2.10939539e-05 -7.24608715e-05]
[ 2.30638747e-05 -7.44245987e-05]
[ 2.49191565e-05 -7.64780247e-05]
[ 2.66545753e-05 -7.86218414e-05]
[ 2.82864551e-05 -8.08534509e-05]
[ 2.98033104e-05 -8.31742617e-05]
[ 3.11865913e-05 -8.55829099e-05]
[ 3.24614842e-05 -8.80791368e-05]
[ 3.36172683e-05 -9.06654909e-05]
[ 3.4666131e-05 -9.3335485e-05]
[ 3.55833814e-05 -9.60936095e-05]
[ 3.6404470e-05 -9.8936501e-05]
[ 3.71297357e-05 -1.01862639e-04]
[ 3.77391496e-05 -1.04873627e-04]
[ 3.82508609e-05 -1.07966341e-04]
[ 3.86818730e-05 -1.11139881e-04]
[ 3.90321103e-05 -1.14392770e-04]
[ 3.92968234e-05 -1.17724755e-04]
[ 3.95059967e-05 -1.21135657e-04]
[ 3.96398352e-05 -1.24623047e-04]
[ 3.97265989e-05 -1.28185606e-04]
[0. 0.]
