[-0.00062323  0.00179294]
[-0.00059581  0.00179633]
[-0.00056832  0.00179944]
[-0.00054078  0.0018023 ]
[-0.0005132   0.00180488]
[-0.00048556  0.0018072 ]
[-0.00045788  0.00180924]
[-0.00043015  0.00181101]
[-0.0004024   0.00181251]
[-0.00037461  0.00181373]
[-0.00034679  0.00181469]
[-0.00031895  0.00181537]
[-0.00029109  0.00181578]
[-0.00026321  0.00181592]
[-0.00023532  0.00181578]
[-0.00020742  0.00181538]
[-0.00017952  0.0018147 ]
[-0.00015163  0.00181374]
[-0.00012372  0.00181252]
[-9.58346001e-05  1.81102863e-03]
[-6.79613301e-05  1.80926416e-03]
[-4.00988668e-05  1.80723238e-03]
[-1.22575014e-05  1.80493026e-03]
[1.55586315e-05 1.80235962e-03]
[4.33497103e-05 1.79952611e-03]
[7.11097825e-05 1.79642277e-03]
[9.88400648e-05 1.79305867e-03]
[0.00012653 0.00178943]
[0.00015418 0.00178554]
[0.00018178 0.00178139]
[0.00020934 0.00177698]
[0.00023685 0.00177232]
[0.00026431 0.00176739]
[0.00029171 0.00176222]
[0.00031905 0.00175679]
[0.00034633 0.00175112]
[0.00037355 0.00174519]
[0.0004007  0.00173902]
[0.00042778 0.0017326 ]
[0.00045479 0.00172595]
[0.00048174 0.00171905]
[0.00050861 0.00171192]
[0.0005354  0.00170455]
[0.00056212 0.00169696]
[0.00058875 0.00168913]
[0.00061532 0.00168107]
[0.0006418  0.00167279]
[0.0006682  0.00166429]
[0.00069452 0.00165557]
[0.00072076 0.00164663]
[0.00074691 0.00163748]
[0.00077298 0.00162812]
[0.00079897 0.00161855]
[0.00082489 0.00160878]
[0.00085071 0.0015988 ]
[0.00087646 0.00158863]
[0.00090212 0.00157826]
[0.00092771 0.0015677 ]
[0.00095322 0.00155695]
[0.00097864 0.00154601]
[0.001004  0.0015349]
[0.00102928 0.00152359]
[0.00105448 0.00151212]
[0.00107962 0.00150047]
[0.00110469 0.00148865]
[0.00112968 0.00147667]
[0.00115461 0.00146452]
[0.00117949 0.00145221]
[0.0012043  0.00143974]
[0.00122905 0.00142712]
[0.00125376 0.00141435]
[0.00127841 0.00140144]
[0.00130301 0.00138838]
[0.00132757 0.00137518]
[0.00135208 0.00136184]
[0.00137657 0.00134837]
[0.00140101 0.00133477]
[0.00142542 0.00132104]
[0.00144981 0.00130719]
[0.00147418 0.00129322]
[0.00149852 0.00127913]
[0.00152285 0.00126492]
[0.00154716 0.00125061]
[0.00157147 0.00123619]
[0.00159577 0.00122167]
[0.00162007 0.00120704]
[0.00164436 0.00119232]
[0.00166866 0.00117751]
[0.00169296 0.0011626 ]
[0.00171728 0.00114761]
[0.0017416  0.00113253]
[0.00176593 0.00111737]
[0.00179028 0.00110213]
[0.00181464 0.00108682]
[0.00183901 0.00107144]
[0.00186339 0.00105599]
[0.00188779 0.00104048]
[0.00191218 0.00102491]
[0.00193659 0.00100928]
[0.00196099 0.00099359]
[0.00198538 0.00097786]
[0.00200976 0.00096207]
[0.00203412 0.00094625]
[0.00205843 0.00093038]
[0.0020827  0.00091448]
[0.00210691 0.00089855]
[0.00213103 0.00088259]
[0.00215505 0.0008666 ]
[0.00217895 0.0008506 ]
[0.0022027  0.00083459]
[0.00222627 0.00081856]
[0.00224963 0.00080253]
[0.00227273 0.0007865 ]
[0.00229556 0.00077048]
[0.00231804 0.00075446]
[0.00234013 0.00073847]
[0.00236178 0.0007225 ]
[0.00238293 0.00070657]
[0.00240352 0.00069067]
[0.00242347 0.00067482]
[0.00244269 0.00065903]
[0.00246113 0.0006433 ]
[0.00247865 0.00062764]
[0.00249519 0.00061208]
[0.00251066 0.00059661]
[0.00252491 0.00058124]
[0.00253785 0.000566  ]
[0.00254937 0.0005509 ]
[0.00255934 0.00053594]
[0.00256764 0.00052116]
[0.00257413 0.00050655]
[0.00257869 0.00049214]
[0.00258119 0.00047796]
[0.0025815  0.00046401]
[0.0025795  0.00045031]
[0.00257508 0.0004369 ]
[0.00256813 0.00042379]
[0.00255855 0.000411  ]
[0.00254625 0.00039855]
[0.00253118 0.00038648]
[0.00251328 0.00037479]
[0.00249252 0.00036352]
[0.00246887 0.00035269]
[0.00244235 0.00034233]
[0.00241303 0.00033244]
[0.00238093 0.00032306]
[0.00234617 0.00031421]
[0.00230884 0.00030589]
[0.0022691  0.00029814]
[0.00222709 0.00029096]
[0.00218299 0.00028437]
[0.00213701 0.00027838]
[0.00208936 0.000273  ]
[0.00204026 0.00026823]
[0.00198994 0.00026407]
[0.00193868 0.00026053]
[0.00188664 0.0002576 ]
[0.00183413 0.00025529]
[0.00178133 0.00025357]
[0.0017285  0.00025245]
[0.00167584 0.00025192]
[0.00162354 0.00025195]
[0.00157178 0.00025254]
[0.00152074 0.00025367]
[0.00147056 0.00025532]
[0.00142138 0.00025748]
[0.0013733  0.00026013]
[0.00132642 0.00026323]
[0.00128083 0.00026678]
[0.00123657 0.00027076]
[0.00119371 0.00027513]
[0.00115227 0.00027989]
[0.00111226 0.00028501]
[0.0010737  0.00029047]
[0.0010366  0.00029625]
[0.00100093 0.00030233]
[0.00096667 0.00030869]
[0.00093379 0.00031532]
[0.00090227 0.00032218]
[0.00087207 0.00032928]
[0.00084315 0.00033658]
[0.00081544 0.00034408]
[0.00078892 0.00035176]
[0.00076354 0.0003596 ]
[0.00073924 0.00036759]
[0.00071598 0.00037572]
[0.0006937  0.00038397]
[0.00067236 0.00039233]
[0.00065191 0.00040079]
[0.00063229 0.00040934]
[0.00061347 0.00041797]
[0.00059539 0.00042666]
[0.00057802 0.00043541]
[0.00056129 0.00044422]
[0.0005452  0.00045306]
[0.00052967 0.00046194]
[0.00051469 0.00047085]
[0.00050022 0.00047977]
[0.00048621 0.0004887 ]
[0.00047265 0.00049764]
[0.00045948 0.00050658]
[0.00044669 0.00051551]
[0.00043425 0.00052443]
[0.00042213 0.00053333]
[0.0004103 0.0005422]
[0.00039874 0.00055105]
[0.00038745 0.00055987]
[0.00037636 0.00056865]
[0.00036549 0.0005774 ]
[0.00035481 0.00058609]
[0.0003443  0.00059474]
[0.00033395 0.00060334]
[0.00032373 0.00061188]
[0.00031363 0.00062036]
[0.00030364 0.00062878]
[0.00029375 0.00063713]
[0.00028394 0.00064542]
[0.00027421 0.00065364]
[0.00026453 0.00066178]
[0.00025491 0.00066985]
[0.00024533 0.00067784]
[0.00023578 0.00068574]
[0.00022627 0.00069356]
[0.00021676 0.0007013 ]
[0.00020727 0.00070895]
[0.00019778 0.00071651]
[0.00018829 0.00072397]
[0.00017879 0.00073135]
[0.00016928 0.00073862]
[0.00015975 0.0007458 ]
[0.00015021 0.00075288]
[0.00014063 0.00075985]
[0.00013102 0.00076672]
[0.00012139 0.00077348]
[0.00011171 0.00078014]
[0.000102   0.00078669]
[9.22504728e-05 7.93125730e-04]
[8.24498832e-05 7.99452693e-04]
[7.26129125e-05 8.05662555e-04]
[6.27227320e-05 8.11758956e-04]
[5.27889462e-05 8.17738018e-04]
[4.28034000e-05 8.23597052e-04]
[3.27690283e-05 8.29338090e-04]
[2.26871069e-05 8.34959877e-04]
[1.25467954e-05 8.40452205e-04]
[2.36607278e-06 8.45827860e-04]
[-7.87666407e-06  8.51074814e-04]
[-1.81675075e-05  8.56194037e-04]
[-2.85069061e-05  8.61188595e-04]
[-3.88950462e-05  8.66047316e-04]
[-4.93414171e-05  8.70783300e-04]
[-5.98318626e-05  8.75386968e-04]
[-7.03655248e-05  8.79854212e-04]
[-8.09554186e-05  8.84191049e-04]
[-9.15834416e-05  8.88390771e-04]
[-0.00010226  0.00089245]
[-0.00011298  0.00089638]
[-0.00012374  0.00090017]
[-0.00013454  0.00090382]
[-0.00014538  0.00090734]
[-0.00015625  0.00091071]
[-0.00016716  0.00091394]
[-0.0001781   0.00091702]
[-0.00018907  0.00091997]
[-0.00020006  0.00092277]
[-0.00021108  0.00092542]
[-0.00022212  0.00092793]
[-0.00023319  0.0009303 ]
[-0.00024427  0.00093252]
[-0.00025535  0.00093459]
[-0.00026645  0.00093651]
[-0.00027756  0.00093829]
[-0.00028867  0.00093992]
[-0.00029979  0.00094139]
[-0.0003109   0.00094272]
[-0.00032201  0.00094391]
[-0.0003331   0.00094494]
[-0.00034419  0.00094581]
[-0.00035526  0.00094655]
[-0.00036631  0.00094713]
[-0.00037733  0.00094756]
[-0.00038833  0.00094784]
[-0.0003993   0.00094797]
[-0.00041023  0.00094795]
[-0.00042113  0.00094778]
[-0.00043199  0.00094746]
[-0.0004428   0.00094699]
[-0.00045355  0.00094637]
[-0.00046426  0.0009456 ]
[-0.00047491  0.00094469]
[-0.00048549  0.00094362]
[-0.00049602  0.00094241]
[-0.00050647  0.00094106]
[-0.00051684  0.00093956]
[-0.00052715  0.0009379 ]
[-0.00053737  0.00093611]
[-0.0005475   0.00093418]
[-0.00055755  0.00093209]
[-0.00056749  0.00092987]
[-0.00057734  0.00092751]
[-0.0005871  0.000925 ]
[-0.00059674  0.00092236]
[-0.00060628  0.00091958]
[-0.00061569  0.00091666]
[-0.000625    0.00091361]
[-0.00063418  0.00091042]
[-0.00064323  0.0009071 ]
[-0.00065215  0.00090365]
[-0.00066094  0.00090007]
[-0.00066959  0.00089637]
[-0.0006781   0.00089253]
[-0.00068646  0.00088857]
[-0.00069468  0.00088448]
[-0.00070273  0.00088027]
[-0.00071064  0.00087595]
[-0.00071838  0.00087151]
[-0.00072595  0.00086694]
[-0.00073336  0.00086227]
[-0.0007406   0.00085749]
[-0.00074766  0.00085259]
[-0.00075454  0.00084759]
[-0.00076124  0.00084248]
[-0.00076775  0.00083727]
[-0.00077407  0.00083195]
[-0.00078019  0.00082654]
[-0.00078612  0.00082103]
[-0.00079185  0.00081543]
[-0.00079738  0.00080973]
[-0.0008027   0.00080394]
[-0.00080781  0.00079807]
[-0.00081271  0.00079212]
[-0.00081739  0.00078608]
[-0.00082185  0.00077997]
[-0.00082608  0.00077377]
[-0.0008301  0.0007675]
[-0.00083388  0.00076117]
[-0.00083743  0.00075476]
[-0.00084075  0.00074829]
[-0.00084383  0.00074176]
[-0.00084667  0.00073517]
[-0.00084926  0.00072852]
[-0.00085162  0.00072181]
[-0.00085372  0.00071506]
[-0.00085557  0.00070826]
[-0.00085717  0.00070141]
[-0.00085851  0.00069453]
[-0.00085959  0.0006876 ]
[-0.00086042  0.00068064]
[-0.00086097  0.00067365]
[-0.00086126  0.00066663]
[-0.00086129  0.00065957]
[-0.00086104  0.00065251]
[-0.00086051  0.00064541]
[-0.00085972  0.00063831]
[-0.00085864  0.00063119]
[-0.00085729  0.00062406]
[-0.00085565  0.00061692]
[-0.00085373  0.00060979]
[-0.00085152  0.00060265]
[-0.00084903  0.00059551]
[-0.00084624  0.00058839]
[-0.00084316  0.00058127]
[-0.00083979  0.00057417]
[-0.00083613  0.00056709]
[-0.00083217  0.00056002]
[-0.0008279   0.00055299]
[-0.00082334  0.00054598]
[-0.00081848  0.000539  ]
[-0.00081331  0.00053206]
[-0.00080784  0.00052516]
[-0.00080206  0.0005183 ]
[-0.00079598  0.00051148]
[-0.00078959  0.00050472]
[-0.00078289  0.000498  ]
[-0.00077588  0.00049135]
[-0.00076857  0.00048475]
[-0.00076094  0.00047822]
[-0.000753    0.00047176]
[-0.00074475  0.00046537]
[-0.00073619  0.00045906]
[-0.00072732  0.00045282]
[-0.00071814  0.00044666]
[-0.00070866  0.00044059]
[-0.00069886  0.00043461]
[-0.00068875  0.00042873]
[-0.00067835  0.00042294]
[-0.00066764  0.00041725]
[-0.00065663  0.00041167]
[-0.00064532  0.00040619]
[-0.0006337   0.00040083]
[-0.0006218   0.00039558]
[-0.0006096   0.00039044]
[-0.00059711  0.00038543]
[-0.00058435  0.00038055]
[-0.0005713   0.00037579]
[-0.00055799  0.00037117]
[-0.0005444   0.00036668]
[-0.00053055  0.00036233]
[-0.00051643  0.00035813]
[-0.00050207  0.00035407]
[-0.00048747  0.00035016]
[-0.00047263  0.00034639]
[-0.00045756  0.00034279]
[-0.00044227  0.00033934]
[-0.00042677  0.00033606]
[-0.00041108  0.00033293]
[-0.00039518  0.00032998]
[-0.00037912  0.00032719]
[-0.00036289  0.00032457]
[-0.0003465   0.00032213]
[-0.00032997  0.00031986]
[-0.0003133   0.00031777]
[-0.00029653  0.00031586]
[-0.00027966  0.00031414]
[-0.00026269  0.00031259]
[-0.00024566  0.00031124]
[-0.00022857  0.00031006]
[-0.00021144  0.00030908]
[-0.0001943   0.00030829]
[-0.00017714  0.00030769]
[-0.00016001  0.00030727]
[-0.00014292  0.00030705]
[-0.00012587  0.00030702]
[-0.00010889  0.00030718]
[-9.20065205e-05  3.07539140e-04]
[-7.52341921e-05  3.08082056e-04]
[-5.85848600e-05  3.08816167e-04]
[-4.20924211e-05  3.09743877e-04]
[-2.57682533e-05  3.10856797e-04]
[-9.63435255e-06  3.12156207e-04]
[6.28863632e-06 3.13647188e-04]
[2.19867532e-05 3.15320402e-04]
[3.74338517e-05 3.17175063e-04]
[5.26087191e-05 3.19211890e-04]
[6.74978491e-05 3.21425912e-04]
[8.20759622e-05 3.23813788e-04]
[9.63345294e-05 3.26377396e-04]
[0.00011025 0.00032911]
[0.00012381 0.00033201]
[0.00013698 0.00033507]
[0.00014978 0.00033829]
[0.00016215 0.00034167]
[0.00017411 0.0003452 ]
[0.00018564 0.00034887]
[0.00019672 0.00035269]
[0.00020734 0.00035665]
[0.0002175  0.00036074]
[0.00022718 0.00036496]
[0.00023637 0.0003693 ]
[0.00024508 0.00037376]
[0.00025329 0.00037833]
[0.000261   0.00038302]
[0.0002682 0.0003878]
[0.0002749  0.00039268]
[0.00028108 0.00039765]
[0.00028676 0.00040271]
[0.00029193 0.00040785]
[0.0002966  0.00041306]
[0.00030076 0.00041834]
[0.00030443 0.00042368]
[0.00030762 0.00042909]
[0.00031031 0.00043454]
[0.00031253 0.00044004]
[0.00031427 0.00044558]
[0.00031555 0.00045116]
[0.00031639 0.00045677]
[0.00031679 0.0004624 ]
[0.00031676 0.00046805]
[0.00031631 0.00047372]
[0.00031545 0.00047939]
[0.00031421 0.00048507]
[0.00031258 0.00049075]
[0.00031059 0.00049642]
[0.00030825 0.00050209]
[0.00030557 0.00050774]
[0.00030256 0.00051337]
[0.00029925 0.00051898]
[0.00029565 0.00052456]
[0.00029177 0.00053011]
[0.00028761 0.00053563]
[0.00028321 0.00054111]
[0.00027858 0.00054655]
[0.00027372 0.00055195]
[0.00026865 0.00055729]
[0.0002634  0.00056258]
[0.00025796 0.00056782]
[0.00025235 0.00057301]
[0.00024659 0.00057813]
[0.0002407  0.00058319]
[0.00023467 0.00058819]
[0.00022852 0.00059312]
[0.00022228 0.00059798]
[0.00021594 0.00060277]
[0.00020952 0.00060749]
[0.00020303 0.00061213]
[0.00019648 0.00061669]
[0.00018988 0.00062118]
[0.00018324 0.00062558]
[0.00017657 0.00062991]
[0.00016987 0.00063415]
[0.00016316 0.00063831]
[0.00015645 0.00064238]
[0.00014973 0.00064637]
[0.00014303 0.00065026]
[0.00013633 0.00065408]
[0.00012966 0.0006578 ]
[0.00012302 0.00066142]
[0.00011641 0.00066497]
[0.00010984 0.00066841]
[0.00010331 0.00067177]
[9.68266387e-05 6.75031515e-04]
[9.03973716e-05 6.78202074e-04]
[8.40225499e-05 6.81279194e-04]
[7.77121129e-05 6.84261736e-04]
[7.14607831e-05 6.87149799e-04]
[6.52808702e-05 6.89943098e-04]
[5.91656985e-05 6.92640975e-04]
[5.31183769e-05 6.95246428e-04]
[4.71469710e-05 6.97755753e-04]
[4.12590839e-05 7.00168410e-04]
[3.54352908e-05 7.02483545e-04]
[2.96975893e-05 7.04705936e-04]
[2.40347709e-05 7.06831780e-04]
[1.84617038e-05 7.08863589e-04]
[1.29625913e-05 7.10799773e-04]
[7.54833239e-06 7.12638687e-04]
[2.21776742e-06 7.14385398e-04]
[-3.02968505e-06  7.16035462e-04]
[-8.19780494e-06  7.17589082e-04]
[-1.32769008e-05  7.19050405e-04]
[-1.82762081e-05  7.20414001e-04]
[-2.31944693e-05  7.21685115e-04]
[-2.80311301e-05  7.22862562e-04]
[-3.27884513e-05  7.23945591e-04]
[-3.74655927e-05  7.24935443e-04]
[-4.20568128e-05  7.25831610e-04]
[-4.6575283e-05  7.2663307e-04]
[-5.10212042e-05  7.27343227e-04]
[-5.53869690e-05  7.27961582e-04]
[-5.96785075e-05  7.28487986e-04]
[-6.39056912e-05  7.28923419e-04]
[-6.80544558e-05  7.29268249e-04]
[-7.21364386e-05  7.29519422e-04]
[-7.61569634e-05  7.29683483e-04]
[-8.01092051e-05  7.29756095e-04]
[-8.40005303e-05  7.29737885e-04]
[-8.78287141e-05  7.29635172e-04]
[-9.16060022e-05  7.29442467e-04]
[-9.53230787e-05  7.29160959e-04]
[-9.89852816e-05  7.28791432e-04]
[-0.0001026   0.00072834]
[-0.00010617  0.0007278 ]
[-0.00010969  0.00072717]
[-0.00011317  0.00072646]
[-0.00011661  0.00072566]
[-0.00012001  0.00072478]
[-0.00012338  0.00072382]
[-0.00012672  0.00072277]
[-0.00013003  0.00072164]
[-0.00013331  0.00072044]
[-0.00013657  0.00071915]
[-0.00013981  0.00071778]
[-0.00014304  0.00071633]
[-0.00014625  0.00071481]
[-0.00014945  0.00071321]
[-0.00015265  0.00071153]
[-0.00015584  0.00070977]
[-0.00015903  0.00070794]
[-0.00016222  0.00070604]
[-0.00016543  0.00070407]
[-0.00016864  0.00070202]
[-0.00017186  0.0006999 ]
[-0.00017511  0.00069771]
[-0.00017836  0.00069545]
[-0.00018165  0.00069312]
[-0.00018496  0.00069073]
[-0.0001883   0.00068826]
[-0.00019167  0.00068574]
[-0.00019508  0.00068315]
[-0.00019854  0.0006805 ]
[-0.00020203  0.00067779]
[-0.00020557  0.00067501]
[-0.00020917  0.00067217]
[-0.00021281  0.00066929]
[-0.00021651  0.00066633]
[-0.00022028  0.00066333]
[-0.00022411  0.00066027]
[-0.000228    0.00065716]
[-0.00023196  0.00065399]
[-0.000236    0.00065078]
[-0.00024011  0.00064752]
[-0.00024431  0.0006442 ]
[-0.00024859  0.00064085]
[-0.00025296  0.00063745]
[-0.00025742  0.00063401]
[-0.00026196  0.00063052]
[-0.0002666  0.000627 ]
[-0.00027135  0.00062343]
[-0.00027619  0.00061983]
[-0.00028114  0.0006162 ]
[-0.00028619  0.00061253]
[-0.00029136  0.00060883]
[-0.00029664  0.0006051 ]
[-0.00030203  0.00060134]
[-0.00030754  0.00059756]
[-0.00031318  0.00059375]
[-0.00031894  0.00058992]
[-0.00032481  0.00058606]
[-0.00033083  0.0005822 ]
[-0.00033696  0.00057831]
[-0.00034323  0.0005744 ]
[-0.00034964  0.00057048]
[-0.00035619  0.00056656]
[-0.00036287  0.00056261]
[-0.00036969  0.00055867]
[-0.00037665  0.00055472]
[-0.00038376  0.00055076]
[-0.00039102  0.00054681]
[-0.00039842  0.00054286]
[-0.00040597  0.0005389 ]
[-0.00041367  0.00053495]
[-0.00042152  0.00053102]
[-0.00042953  0.00052709]
[-0.00043769  0.00052316]
[-0.000446    0.00051926]
[-0.00045447  0.00051537]
[-0.0004631  0.0005115]
[-0.00047188  0.00050765]
[-0.00048082  0.00050382]
[-0.00048992  0.00050001]
[-0.00049918  0.00049624]
[-0.0005086   0.00049249]
[-0.00051817  0.00048877]
[-0.0005279   0.00048509]
[-0.0005378   0.00048145]
[-0.00054785  0.00047784]
[-0.00055806  0.00047427]
[-0.00056844  0.00047075]
[-0.00057896  0.00046727]
[-0.00058964  0.00046384]
[-0.00060049  0.00046046]
[-0.00061148  0.00045713]
[-0.00062263  0.00045386]
[-0.00063393  0.00045064]
[-0.00064539  0.00044748]
[-0.000657    0.00044439]
[-0.00066875  0.00044136]
[-0.00068065  0.00043839]
[-0.0006927   0.00043549]
[-0.00070489  0.00043266]
[-0.00071723  0.00042991]
[-0.0007297   0.00042723]
[-0.0007423   0.00042463]
[-0.00075505  0.00042211]
[-0.00076792  0.00041967]
[-0.00078092  0.00041731]
[-0.00079405  0.00041504]
[-0.0008073   0.00041286]
[-0.00082067  0.00041077]
[-0.00083416  0.00040877]
[-0.00084775  0.00040686]
[-0.00086146  0.00040506]
[-0.00087527  0.00040335]
[-0.00088918  0.00040174]
[-0.00090318  0.00040023]
[-0.00091728  0.00039883]
[-0.00093146  0.00039754]
[-0.00094572  0.00039635]
[-0.00096006  0.00039527]
[-0.00097447  0.00039431]
[-0.00098895  0.00039345]
[-0.00100348  0.00039271]
[-0.00101806  0.00039209]
[-0.0010327   0.00039159]
[-0.00104738  0.00039121]
[-0.00106209  0.00039094]
[-0.00107683  0.0003908 ]
[-0.00109159  0.00039078]
[-0.00110636  0.00039089]
[-0.00112114  0.00039112]
[-0.00113592  0.00039148]
[-0.00115069  0.00039197]
[-0.00116544  0.00039259]
[-0.00118017  0.00039334]
[-0.00119486  0.00039421]
[-0.00120951  0.00039522]
[-0.00122411  0.00039637]
[-0.00123865  0.00039764]
[-0.00125312  0.00039905]
[-0.00126751  0.00040059]
[-0.00128181  0.00040226]
[-0.00129601  0.00040407]
[-0.0013101  0.000406 ]
[-0.00132407  0.00040808]
[-0.00133791  0.00041028]
[-0.00135161  0.00041262]
[-0.00136517  0.00041509]
[-0.00137855  0.00041769]
[-0.00139177  0.00042043]
[-0.0014048   0.00042329]
[-0.00141764  0.00042628]
[-0.00143027  0.0004294 ]
[-0.00144268  0.00043264]
[-0.00145486  0.00043601]
[-0.0014668  0.0004395]
[-0.00147849  0.00044312]
[-0.00148991  0.00044685]
[-0.00150106  0.0004507 ]
[-0.00151192  0.00045467]
[-0.00152248  0.00045875]
[-0.00153273  0.00046294]
[-0.00154266  0.00046724]
[-0.00155226  0.00047164]
[-0.00156151  0.00047614]
[-0.00157041  0.00048075]
[-0.00157895  0.00048545]
[-0.0015871   0.00049024]
[-0.00159488  0.00049512]
[-0.00160226  0.00050008]
[-0.00160924  0.00050513]
[-0.0016158   0.00051025]
[-0.00162194  0.00051545]
[-0.00162765  0.00052072]
[-0.00163292  0.00052604]
[-0.00163775  0.00053143]
[-0.00164213  0.00053688]
[-0.00164604  0.00054237]
[-0.0016495   0.00054791]
[-0.00165248  0.00055349]
[-0.00165499  0.00055911]
[-0.00165701  0.00056476]
[-0.00165856  0.00057043]
[-0.00165962  0.00057612]
[-0.00166019  0.00058183]
[-0.00166028  0.00058754]
[-0.00165987  0.00059326]
[-0.00165897  0.00059898]
[-0.00165759  0.00060468]
[-0.00165572  0.00061038]
[-0.00165335  0.00061605]
[-0.00165051  0.0006217 ]
[-0.00164718  0.00062732]
[-0.00164339  0.0006329 ]
[-0.00163911  0.00063844]
[-0.00163437  0.00064393]
[-0.00162917  0.00064937]
[-0.00162351  0.00065474]
[-0.00161741  0.00066006]
[-0.00161087  0.00066531]
[-0.0016039   0.00067047]
[-0.00159651  0.00067556]
[-0.0015887   0.00068056]
[-0.00158049  0.00068547]
[-0.00157189  0.00069029]
[-0.00156291  0.000695  ]
[-0.00155356  0.0006996 ]
[-0.00154386  0.0007041 ]
[-0.00153381  0.00070848]
[-0.00152342  0.00071274]
[-0.00151272  0.00071687]
[-0.00150171  0.00072088]
[-0.0014904   0.00072475]
[-0.00147881  0.00072848]
[-0.00146696  0.00073208]
[-0.00145486  0.00073553]
[-0.00144251  0.00073883]
[-0.00142994  0.00074198]
[-0.00141715  0.00074498]
[-0.00140417  0.00074782]
[-0.001391   0.0007505]
[-0.00137766  0.00075302]
[-0.00136416  0.00075536]
[-0.00135052  0.00075755]
[-0.00133674  0.00075956]
[-0.00132285  0.0007614 ]
[-0.00130884  0.00076307]
[-0.00129475  0.00076456]
[-0.00128056  0.00076587]
[-0.00126631  0.000767  ]
[-0.001252    0.00076796]
[-0.00123764  0.00076873]
[-0.00122324  0.00076932]
[-0.00120881  0.00076973]
[-0.00119437  0.00076995]
[-0.00117992  0.00076999]
[-0.00116546  0.00076984]
[-0.00115101  0.00076951]
[-0.00113659  0.00076899]
[-0.00112219  0.0007683 ]
[-0.00110781  0.00076741]
[-0.00109348  0.00076633]
[-0.0010792   0.00076508]
[-0.00106496  0.00076364]
[-0.00105079  0.00076201]
[-0.00103667  0.00076021]
[-0.00102263  0.00075821]
[-0.00100865  0.00075605]
[-0.00099475  0.00075369]
[-0.00098093  0.00075116]
[-0.0009672   0.00074845]
[-0.00095354  0.00074556]
[-0.00093998  0.0007425 ]
[-0.0009265   0.00073926]
[-0.00091312  0.00073585]
[-0.00089983  0.00073227]
[-0.00088663  0.00072851]
[-0.00087352  0.00072459]
[-0.00086051  0.0007205 ]
[-0.00084759  0.00071625]
[-0.00083476  0.00071183]
[-0.00082203  0.00070725]
[-0.00080938  0.00070251]
[-0.00079683  0.00069762]
[-0.00078437  0.00069257]
[-0.00077199  0.00068736]
[-0.00075969  0.00068201]
[-0.00074748  0.0006765 ]
[-0.00073534  0.00067085]
[-0.00072328  0.00066505]
[-0.00071129  0.00065911]
[-0.00069938  0.00065303]
[-0.00068753  0.00064682]
[-0.00067573  0.00064047]
[-0.000664    0.00063398]
[-0.00065232  0.00062737]
[-0.00064069  0.00062063]
[-0.00062911  0.00061376]
[-0.00061756  0.00060677]
[-0.00060606  0.00059966]
[-0.00059458  0.00059244]
[-0.00058313  0.0005851 ]
[-0.00057171  0.00057765]
[-0.00056029  0.00057009]
[-0.00054889  0.00056243]
[-0.0005375   0.00055466]
[-0.00052611  0.00054679]
[-0.0005147   0.00053883]
[-0.00050329  0.00053077]
[-0.00049186  0.00052262]
[-0.00048041  0.00051439]
[-0.00046893  0.00050607]
[-0.00045742  0.00049766]
[-0.00044587  0.00048918]
[-0.00043427  0.00048063]
[-0.00042262  0.000472  ]
[-0.00041092  0.0004633 ]
[-0.00039915  0.00045454]
[-0.00038732  0.00044572]
[-0.0003754   0.00043684]
[-0.00036341  0.0004279 ]
[-0.00035134  0.00041891]
[-0.00033917  0.00040988]
[-0.00032691  0.00040079]
[-0.00031454  0.00039167]
[-0.00030206  0.00038251]
[-0.00028947  0.00037331]
[-0.00027676  0.00036408]
[-0.00026393  0.00035483]
[-0.00025096  0.00034555]
[-0.00023786  0.00033626]
[-0.00022462  0.00032694]
[-0.00021123  0.00031762]
[-0.00019768  0.00030828]
[-0.00018398  0.00029894]
[-0.00017013  0.0002896 ]
[-0.0001561   0.00028026]
[-0.00014191  0.00027093]
[-0.00012754  0.0002616 ]
[-0.00011298  0.0002523 ]
[-9.82516215e-05  2.43005662e-04]
[-8.33295246e-05  2.33735845e-04]
[-6.82147316e-05  2.24493113e-04]
[-5.29015370e-05  2.15275098e-04]
[-3.73934470e-05  2.06096223e-04]
[-2.16794746e-05  1.96948598e-04]
[-5.75705682e-06  1.87848444e-04]
[1.03706210e-05 1.78791033e-04]
[2.67154172e-05 1.69778654e-04]
[4.32742795e-05 1.60821489e-04]
[6.00533456e-05 1.51923341e-04]
[7.70545921e-05 1.43080897e-04]
[9.42817384e-05 1.34307674e-04]
[0.00011173 0.0001256 ]
[0.00012942 0.00011697]
[0.00014732 0.00010841]
[1.65467700e-04 9.99321014e-05]
[1.83844653e-04 9.15379124e-05]
[2.02459232e-04 8.32342367e-05]
[2.21309722e-04 7.50189272e-05]
[2.40398427e-04 6.68996138e-05]
[2.59725662e-04 5.88863262e-05]
[2.79290593e-04 5.09688367e-05]
[2.99094175e-04 4.31584319e-05]
[3.19139617e-04 3.54651882e-05]
[3.39424882e-04 2.78818568e-05]
[3.59949068e-04 2.04130879e-05]
[3.80712626e-04 1.30766277e-05]
[4.01716080e-04 5.85895253e-06]
[ 4.22959023e-04 -1.23215291e-06]
[ 4.44435819e-04 -8.18296678e-06]
[ 4.66151403e-04 -1.50013778e-05]
[ 4.88103020e-04 -2.16850795e-05]
[ 5.10285784e-04 -2.82187544e-05]
[ 5.32702044e-04 -3.46036573e-05]
[ 5.55344787e-04 -4.08478629e-05]
[ 5.78218261e-04 -4.69339032e-05]
[ 6.01318172e-04 -5.28589737e-05]
[ 6.24641954e-04 -5.86311847e-05]
[ 6.48184292e-04 -6.42416263e-05]
[ 6.71946200e-04 -6.96783528e-05]
[ 6.95918706e-04 -7.49494326e-05]
[ 7.20106446e-04 -8.00562467e-05]
[ 7.44500199e-04 -8.49761031e-05]
[ 7.69099154e-04 -8.97192210e-05]
[ 7.93901620e-04 -9.42930774e-05]
[ 8.18899488e-04 -9.86771301e-05]
[ 0.00084409 -0.00010287]
[ 0.00086947 -0.00010688]
[ 0.00089504 -0.0001107 ]
[ 0.00092078 -0.00011432]
[ 0.0009467  -0.00011774]
[ 0.00097279 -0.00012098]
[ 0.00099905 -0.000124  ]
[ 0.00102546 -0.00012682]
[ 0.00105204 -0.00012945]
[ 0.00107876 -0.00013186]
[ 0.00110562 -0.00013406]
[ 0.00113263 -0.00013606]
[ 0.00115977 -0.00013784]
[ 0.00118703 -0.0001394 ]
[ 0.00121442 -0.00014074]
[ 0.00124192 -0.00014188]
[ 0.00126952 -0.00014278]
[ 0.00129723 -0.00014347]
[ 0.00132504 -0.00014394]
[ 0.00135293 -0.00014418]
[ 0.00138091 -0.0001442 ]
[ 0.00140896 -0.00014399]
[ 0.00143707 -0.00014355]
[ 0.00146525 -0.00014288]
[ 0.00149348 -0.00014199]
[ 0.00152176 -0.00014087]
[ 0.00155008 -0.00013951]
[ 0.00157842 -0.00013792]
[ 0.0016068 -0.0001361]
[ 0.00163518 -0.00013405]
[ 0.00166357 -0.00013176]
[ 0.00169197 -0.00012925]
[ 0.00172036 -0.00012649]
[ 0.00174873 -0.0001235 ]
[ 0.00177707 -0.00012028]
[ 0.00180539 -0.00011683]
[ 0.00183366 -0.00011313]
[ 0.00186188 -0.00010921]
[ 0.00189005 -0.00010505]
[ 0.00191815 -0.00010066]
[ 1.94617399e-03 -9.60432266e-05]
[ 1.97411210e-03 -9.11823242e-05]
[ 2.00195992e-03 -8.60958942e-05]
[ 2.02970804e-03 -8.07774895e-05]
[ 2.05734134e-03 -7.52261291e-05]
[ 2.08486071e-03 -6.94454276e-05]
[ 2.11224487e-03 -6.34392008e-05]
[ 2.13949429e-03 -5.72032890e-05]
[ 2.16659846e-03 -5.07415416e-05]
[ 2.19354219e-03 -4.40522928e-05]
[ 2.22032443e-03 -3.71393083e-05]
[ 2.24692794e-03 -3.00062586e-05]
[ 2.27334750e-03 -2.26485304e-05]
[ 2.29957169e-03 -1.50754369e-05]
[ 2.32559688e-03 -7.28043221e-06]
[2.35140116e-03 7.28573316e-07]
[2.37698687e-03 8.95025459e-06]
[2.40233611e-03 1.73890311e-05]
[2.42744437e-03 2.60350115e-05]
[2.45229703e-03 3.48869426e-05]
[2.47689526e-03 4.39462462e-05]
[2.50121255e-03 5.32108861e-05]
[2.52525296e-03 6.26742999e-05]
[2.54899905e-03 7.23362675e-05]
[2.57244231e-03 8.21954268e-05]
[2.59557455e-03 9.22455032e-05]
[0.00261838 0.00010249]
[0.00264086 0.00011292]
[0.00266299 0.00012353]
[0.00268478 0.00013432]
[0.0027062  0.00014529]
[0.00272725 0.00015643]
[0.00274792 0.00016775]
[0.0027682  0.00017923]
[0.00278808 0.00019087]
[0.00280754 0.00020267]
[0.00282659 0.00021463]
[0.00284521 0.00022674]
[0.00286339 0.000239  ]
[0.00288112 0.0002514 ]
[0.0028984  0.00026394]
[0.00291521 0.00027661]
[0.00293154 0.00028941]
[0.00294739 0.00030234]
[0.00296275 0.00031539]
[0.0029776  0.00032855]
[0.00299196 0.00034182]
[0.00300579 0.0003552 ]
[0.0030191  0.00036867]
[0.00303188 0.00038225]
[0.00304412 0.0003959 ]
[0.00305581 0.00040965]
[0.00306696 0.00042347]
[0.00307753 0.00043737]
[0.00308756 0.00045132]
[0.003097   0.00046535]
[0.00310587 0.00047942]
[0.00311416 0.00049355]
[0.00312186 0.00050772]
[0.00312897 0.00052192]
[0.00313549 0.00053616]
[0.0031414  0.00055042]
[0.00314671 0.0005647 ]
[0.00315142 0.00057899]
[0.00315552 0.00059328]
[0.00315901 0.00060757]
[0.00316188 0.00062186]
[0.00316414 0.00063613]
[0.00316579 0.00065038]
[0.00316682 0.0006646 ]
[0.00316724 0.00067879]
[0.00316704 0.00069293]
[0.00316623 0.00070703]
[0.00316481 0.00072108]
[0.00316277 0.00073506]
[0.00316012 0.00074897]
[0.00315687 0.00076282]
[0.00315301 0.00077658]
[0.00314856 0.00079025]
[0.00314351 0.00080383]
[0.00313786 0.00081731]
[0.00313164 0.00083068]
[0.00312483 0.00084393]
[0.00311744 0.00085707]
[0.00310949 0.00087008]
[0.00310097 0.00088296]
[0.0030919 0.0008957]
[0.00308228 0.00090829]
[0.00307212 0.00092073]
[0.00306142 0.00093302]
[0.00305021 0.00094514]
[0.00303848 0.00095709]
[0.00302624 0.00096888]
[0.00301351 0.00098048]
[0.00300029 0.00099189]
[0.00298659 0.00100311]
[0.00297243 0.00101414]
[0.00295781 0.00102496]
[0.00294275 0.00103558]
[0.00292725 0.00104598]
[0.00291134 0.00105617]
[0.00289502 0.00106614]
[0.00287829 0.00107589]
[0.00286118 0.0010854 ]
[0.00284369 0.00109468]
[0.00282584 0.00110373]
[0.00280764 0.00111252]
[0.0027891  0.00112108]
[0.00277024 0.00112939]
[0.00275105 0.00113744]
[0.00273157 0.00114523]
[0.0027118  0.00115278]
[0.00269175 0.00116006]
[0.00267143 0.00116706]
[0.00265086 0.00117381]
[0.00263005 0.00118029]
[0.00260901 0.00118648]
[0.00258775 0.00119241]
[0.00256628 0.00119806]
[0.00254462 0.00120343]
[0.00252278 0.00120852]
[0.00250076 0.00121334]
[0.00247858 0.00121786]
[0. 0.]
