[-1.28941558  1.1580803 ]
[-1.29304512  1.15767548]
[-1.29665608  1.15731638]
[-1.30024631  1.15700307]
[-1.30381804  1.15673559]
[-1.307367    1.15651397]
[-1.31089494  1.15633824]
[-1.31439785  1.15620843]
[-1.3178764   1.15612454]
[-1.32132861  1.15608657]
[-1.32475653  1.1560945 ]
[-1.32815636  1.15614834]
[-1.33152578  1.15624803]
[-1.33486653  1.15639356]
[-1.33817769  1.15658486]
[-1.34145693  1.15682189]
[-1.34470396  1.15710459]
[-1.34791625  1.15743286]
[-1.35109135  1.15780664]
[-1.35423044  1.15822582]
[-1.35733588  1.15869031]
[-1.36040143  1.15919999]
[-1.36342472  1.15975473]
[-1.36640817  1.16035441]
[-1.36935042  1.16099888]
[-1.3722487   1.16168799]
[-1.37510544  1.16242158]
[-1.37791023  1.16319947]
[-1.38067367  1.1640215 ]
[-1.3833871   1.16488746]
[-1.38604708  1.16579715]
[-1.38866035  1.16675037]
[-1.39121692  1.1677469 ]
[-1.39372435  1.1687865 ]
[-1.3961753   1.16986895]
[-1.39856747  1.17099397]
[-1.40090116  1.17216134]
[-1.40317615  1.17337076]
[-1.40538946  1.17462196]
[-1.40754337  1.17591467]
[-1.40963163  1.17724857]
[-1.41165251  1.17862336]
[-1.41360773  1.18003873]
[-1.41548965  1.18149435]
[-1.4173118   1.18298988]
[-1.41905324  1.18452497]
[-1.42072244  1.18609928]
[-1.42231569  1.18771243]
[-1.42383122  1.18936405]
[-1.42526792  1.19105375]
[-1.42662686  1.19278114]
[-1.42789909  1.19454581]
[-1.42908614  1.19634735]
[-1.43018851  1.19818532]
[-1.4311988   1.20005931]
[-1.43212462  1.20196884]
[-1.43295323  1.20391348]
[-1.43368707  1.20589275]
[-1.43432497  1.20790618]
[-1.43486193  1.20995327]
[-1.43529857  1.21203353]
[-1.4356303   1.21414645]
[-1.43585514  1.2162915 ]
[-1.4359748   1.21846815]
[-1.43597618  1.22067585]
[-1.43586986  1.22291405]
[-1.43564504  1.22518218]
[-1.43529686  1.22747966]
[-1.43482827  1.22980589]
[-1.43423722  1.23216026]
[-1.43351248  1.23454217]
[-1.43265927  1.23695096]
[-1.43167173  1.239386  ]
[-1.43054644  1.24184661]
[-1.42928033  1.24433213]
[-1.42786765  1.24684187]
[-1.42630731  1.2493751 ]
[-1.42459482  1.25193112]
[-1.42272294  1.25450917]
[-1.42069781  1.25710851]
[-1.41850389  1.25972834]
[-1.41614199  1.26236788]
[-1.41360857  1.26502632]
[-1.41089721  1.26770281]
[-1.40800603  1.2703965 ]
[-1.40492472  1.27310651]
[-1.40165241  1.27583194]
[-1.39818458  1.27857187]
[-1.39451691  1.28132535]
[-1.3906402   1.28409141]
[-1.38655022  1.28686903]
[-1.38223823  1.28965719]
[-1.37771279  1.29245375]
[-1.37295542  1.29525878]
[-1.36796028  1.29807114]
[-1.36272372  1.30088969]
[-1.3572324   1.30371324]
[-1.35148416  1.30654057]
[-1.34547043  1.3093704 ]
[-1.3391825   1.31220145]
[-1.33261239  1.31503237]
[-1.32575514  1.31786176]
[-1.31859812  1.3206882 ]
[-1.31113699  1.32351021]
[-1.30335969  1.32632624]
[-1.29525907  1.32913474]
[-1.28682161  1.33193406]
[-1.27804733  1.3347225 ]
[-1.26891796  1.33749833]
[-1.2594273   1.34025972]
[-1.24956312  1.34300482]
[-1.23932049  1.34573168]
[-1.22867931  1.3484383 ]
[-1.21763953  1.35112262]
[-1.20618645  1.35378249]
[-1.19431197  1.3564157 ]
[-1.18200329  1.35901996]
[-1.16925105  1.36159292]
[-1.1560451   1.36413214]
[-1.1423745  1.3666351]
[-1.12823257  1.36909923]
[-1.1136103   1.37152185]
[-1.09849785  1.37390024]
[-1.08288279  1.37623158]
[-1.0667637   1.37851298]
[-1.05013617  1.38074152]
[-1.03298963  1.38291417]
[-1.01532093  1.38502787]
[-0.99712873  1.3870795 ]
[-0.97840845  1.38906591]
[-0.95916233  1.39098389]
[-0.93939353  1.39283024]
[-0.91910687  1.39460172]
[-0.89829815  1.39629511]
[-0.87698824  1.39790719]
[-0.85517714  1.39943479]
[-0.8328798   1.40087477]
[-0.81011695  1.40222408]
[-0.78689896  1.40347973]
[-0.76325008  1.40463886]
[-0.73919151  1.40569872]
[-0.71474968  1.40665673]
[-0.68995266  1.40751047]
[-0.66482935  1.4082577 ]
[-0.63941432  1.4088964 ]
[-0.61373959  1.40942478]
[-0.58784435  1.40984129]
[-0.56176643  1.41014464]
[-0.53554706  1.41033382]
[-0.50922242  1.41040811]
[-0.48283383  1.41036704]
[-0.45642825  1.41021048]
[-0.43003771  1.40993857]
[-0.40371233  1.40955175]
[-0.37748524  1.40905074]
[-0.35139776  1.40843654]
[-0.32548836  1.40771041]
[-0.299783    1.40687387]
[-0.27433016  1.40592869]
[-0.2491471   1.40487684]
[-0.22426905  1.40372049]
[-0.19971692  1.40246199]
[-0.17552294  1.40110387]
[-0.15169837  1.39964879]
[-0.12827014  1.3980995 ]
[-0.10524964  1.3964589 ]
[-0.08264813  1.39472992]
[-0.06047635  1.39291558]
[-0.03874158  1.39101894]
[-0.01745595  1.38904307]
[0.00337879 1.38699107]
[0.02376259 1.38486602]
[0.04369561 1.38267099]
[0.06318281 1.38040905]
[0.08221656 1.3780832 ]
[0.10080288 1.37569641]
[0.11895733 1.3732516 ]
[0.1366745  1.37075164]
[0.15396718 1.36819933]
[0. 0.]
