[-1.28941302  1.1580803 ]
[-1.29304658  1.15767548]
[-1.29665826  1.15731638]
[-1.30024763  1.15700307]
[-1.30381789  1.15673559]
[-1.3073703   1.15651397]
[-1.31089442  1.15633824]
[-1.3143988   1.15620843]
[-1.31787608  1.15612454]
[-1.32133139  1.15608656]
[-1.32475513  1.1560945 ]
[-1.32815629  1.15614834]
[-1.33152694  1.15624803]
[-1.33486855  1.15639356]
[-1.33817967  1.15658486]
[-1.34145793  1.15682189]
[-1.34470432  1.15710459]
[-1.34791793  1.15743286]
[-1.35109074  1.15780664]
[-1.35423105  1.15822582]
[-1.35733683  1.15869031]
[-1.36039983  1.15919999]
[-1.36342455  1.15975473]
[-1.36640783  1.16035441]
[-1.36935171  1.16099888]
[-1.37225093  1.16168799]
[-1.3751034   1.16242158]
[-1.37791024  1.16319948]
[-1.38067289  1.1640215 ]
[-1.38338462  1.16488746]
[-1.38604765  1.16579716]
[-1.3886552   1.16675037]
[-1.39121671  1.1677469 ]
[-1.39372144  1.1687865 ]
[-1.39617291  1.16986894]
[-1.39856505  1.17099398]
[-1.40090023  1.17216134]
[-1.40317716  1.17337076]
[-1.40538933  1.17462196]
[-1.40754446  1.17591467]
[-1.40962836  1.17724857]
[-1.41165172  1.17862336]
[-1.41360778  1.18003873]
[-1.41549175  1.18149435]
[-1.41730784  1.18298988]
[-1.41905164  1.18452497]
[-1.42072193  1.18609928]
[-1.42231683  1.18771243]
[-1.42382979  1.18936405]
[-1.42526782  1.19105375]
[-1.42662327  1.19278114]
[-1.42789685  1.19454581]
[-1.42908735  1.19634735]
[-1.43018989  1.19818532]
[-1.43120365  1.20005931]
[-1.43212388  1.20196884]
[-1.43295519  1.20391348]
[-1.43368802  1.20589275]
[-1.43432625  1.20790618]
[-1.43486271  1.20995327]
[-1.43529802  1.21203354]
[-1.43563108  1.21414645]
[-1.43585812  1.2162915 ]
[-1.4359745   1.21846815]
[-1.43597812  1.22067585]
[-1.43586861  1.22291405]
[-1.43564383  1.22518218]
[-1.43529697  1.22747966]
[-1.43482683  1.22980589]
[-1.43423377  1.23216026]
[-1.43351391  1.23454216]
[-1.43265891  1.23695096]
[-1.43167051  1.23938599]
[-1.43054588  1.24184661]
[-1.42928055  1.24433213]
[-1.42786702  1.24684187]
[-1.42630641  1.2493751 ]
[-1.42459569  1.25193112]
[-1.42272675  1.25450918]
[-1.42069474  1.25710851]
[-1.41850256  1.25972834]
[-1.41614442  1.26236788]
[-1.41360644  1.26502632]
[-1.4108969   1.26770281]
[-1.40800434  1.2703965 ]
[-1.40492561  1.27310651]
[-1.40165491  1.27583194]
[-1.39818618  1.27857187]
[-1.39451893  1.28132535]
[-1.39063874  1.28409141]
[-1.38654639  1.28686903]
[-1.38223664  1.28965719]
[-1.37769934  1.29245484]
[-1.37293423  1.29526087]
[-1.36792792  1.29807418]
[-1.36267823  1.3008936 ]
[-1.35717738  1.30371794]
[-1.3514145   1.30654598]
[-1.34538682  1.30937645]
[-1.33908597  1.31220804]
[-1.33250094  1.31503942]
[-1.32562839  1.31786918]
[-1.31845747  1.32069588]
[-1.31097949  1.32351806]
[-1.30318863  1.32633417]
[-1.29506636  1.32914262]
[-1.28661493  1.33194179]
[-1.27782323  1.33472998]
[-1.26867492  1.33750542]
[-1.25916582  1.34026631]
[-1.24928587  1.34301078]
[-1.23901971  1.34573688]
[-1.2283627   1.34844261]
[-1.21730042  1.35112589]
[-1.20582796  1.35378458]
[-1.1939314   1.35641646]
[-1.18160046  1.35901925]
[-1.1688269   1.36159057]
[-1.15559857  1.36412798]
[-1.1419056   1.36662898]
[-1.12773884  1.36909096]
[-1.11309306  1.37151127]
[-1.0979559   1.37388716]
[-1.08232173  1.37621581]
[-1.06618094  1.37849435]
[-1.04952744  1.38071983]
[-1.03235482  1.38288922]
[-1.01466592  1.38499947]
[-0.99645052  1.38704745]
[-0.97770852  1.38903001]
[-0.95844348  1.39094394]
[-0.93864911  1.39278604]
[-0.91833561  1.39455307]
[-0.89751211  1.39624181]
[-0.8761838   1.39784905]
[-0.85435381  1.39937162]
[-0.83204375  1.40080638]
[-0.80926395  1.40215028]
[-0.78603071  1.40340037]
[-0.76237318  1.40455376]
[-0.73830497  1.40560773]
[-0.7138526   1.40655971]
[-0.68904884  1.40740728]
[-0.66392033  1.40814823]
[-0.63850794  1.40878053]
[-0.61283226  1.40930243]
[-0.5869433   1.40971239]
[-0.56086809  1.41000913]
[-0.53465628  1.41019165]
[-0.50834296  1.41025925]
[-0.48196767  1.41021149]
[-0.45557433  1.41004824]
[-0.429204    1.40976967]
[-0.40289532  1.40937622]
[-0.37668934  1.40886863]
[-0.35062626  1.40824792]
[-0.324739    1.40751536]
[-0.29906389  1.40667249]
[-0.27363453  1.40572108]
[-0.24848464  1.4046631 ]
[-0.2236331   1.40350075]
[-0.19911421  1.40223638]
[-0.17495171  1.40087253]
[-0.15115976  1.39941184]
[-0.12776347  1.39785711]
[-0.10477669  1.3962112 ]
[-0.08220519  1.39447706]
[-0.0600665   1.39265772]
[-0.03836702  1.39075621]
[-0.01711349  1.38877563]
[0.0036912  1.38671906]
[0.02404262 1.3845896 ]
[0.04394643 1.3823903 ]
[0.06340117 1.38012422]
[0.08240533 1.37779436]
[0.10096616 1.37540371]
[0.11908786 1.37295516]
[0.13677767 1.37045159]
[0.1540446  1.36789579]
[0.170888  1.3652905]
[0.18732924 1.36263838]
[0.20337153 1.35994203]
[0.21901668 1.35720398]
[0.23428246 1.35442668]
[0.24917778 1.35161252]
[0.2637123  1.34876379]
[0.27789026 1.34588275]
[0.29173402 1.34297156]
[0.3052398  1.34003231]
[0.31842778 1.33706705]
[0.33130518 1.33407772]
[0.34388149 1.33106624]
[0.35616489 1.32803444]
[0.36816432 1.32498409]
[0.37989555 1.32191692]
[0.39136416 1.31883459]
[0.40257565 1.31573871]
[0.41354226 1.31263083]
[0.42427221 1.30951245]
[0.43477495 1.30638503]
[0.44505354 1.30324999]
[0.45512207 1.30010869]
[0.46498644 1.29696244]
[0.47465316 1.29381254]
[0.4841298  1.29066023]
[0.49341978 1.28750671]
[0.50253551 1.28435315]
[0.51147783 1.2812007 ]
[0.52025878 1.27805045]
[0.52888059 1.27490347]
[0.53734963 1.27176081]
[0.54567058 1.26862348]
[0.55385224 1.26549247]
[0.56189407 1.26236874]
[0.56980691 1.25925323]
[0.57759022 1.25614684]
[0.58525032 1.25305046]
[0.59279368 1.24996497]
[0.60022574 1.2468912 ]
[0.60754608 1.24382998]
[0.61475863 1.24078212]
[0.62187422 1.2377484 ]
[0.62889079 1.23472959]
[0.63580481 1.23172645]
[0.64263284 1.2287397 ]
[0.6493706  1.22577008]
[0.65602395 1.22281828]
[0.66259547 1.21988499]
[0.66908938 1.21697088]
[0.67549979 1.21407662]
[0.6818398  1.21120285]
[0.68810891 1.2083502 ]
[0.69430382 1.20551931]
[0.70043349 1.20271077]
[0.70649934 1.19992518]
[0.71250316 1.19716312]
[0.71844186 1.19442518]
[0.72432293 1.1917119 ]
[0.73014475 1.18902385]
[0.73591024 1.18636157]
[0.74162043 1.18372557]
[0.74728397 1.18111639]
[0.75288871 1.17853452]
[0.75844818 1.17598048]
[0.7639551  1.17345475]
[0.76941711 1.17095781]
[0.77483373 1.16849013]
[0.7802003  1.16605216]
[0.78552987 1.16364437]
[0.79081211 1.16126719]
[0.7960513  1.15892106]
[0.80125   1.1566064]
[0.80641067 1.15432362]
[0.81153016 1.15207312]
[0.81661135 1.14985531]
[0.82164868 1.14767058]
[0.82665383 1.14551928]
[0.83161852 1.14340181]
[0.83655001 1.14131851]
[0.84144367 1.13926974]
[0.84630146 1.13725584]
[0.85112198 1.13527714]
[0.85590899 1.13333396]
[0.86065897 1.13142662]
[0.86537708 1.12955543]
[0.87005784 1.12772067]
[0.87470809 1.12592264]
[0.87932189 1.12416161]
[0.88390187 1.12243786]
[0.88844797 1.12075163]
[0.89296089 1.11910318]
[0.89743973 1.11749274]
[0.90188428 1.11592056]
[0.90629406 1.11438685]
[0.91067042 1.11289182]
[0.91501113 1.11143566]
[0.91931825 1.11001859]
[0.92359338 1.10864076]
[0.92783115 1.10730236]
[0.93203315 1.10600356]
[0.93619873 1.10474449]
[0.94033089 1.10352531]
[0.94442765 1.10234614]
[0.94848558 1.10120711]
[0.95250933 1.10010833]
[0.95649351 1.0990499 ]
[0.96044339 1.09803191]
[0.96435061 1.09705444]
[0.96822319 1.09611757]
[0.97205646 1.09522136]
[0.97584873 1.09436584]
[0.97960228 1.09355107]
[0.98331348 1.09277708]
[0.98698638 1.09204387]
[0.99061332 1.09135145]
[0.99420058 1.09069984]
[0.99774191 1.090089  ]
[1.0012424  1.08951892]
[1.00470046 1.08898956]
[1.00811121 1.08850087]
[1.01147397 1.08805281]
[1.01479762 1.08764529]
[1.01806932 1.08727825]
[1.02129269 1.08695159]
[1.02446683 1.08666521]
[1.02759356 1.08641901]
[1.03066552 1.08621285]
[1.03369414 1.08604663]
[1.03666465 1.08592017]
[1.03958602 1.08583334]
[1.04245354 1.08578597]
[1.04526352 1.08577788]
[1.04802104 1.08580889]
[1.05072348 1.0858788 ]
[1.0533666 1.0859874]
[1.0559504  1.08613447]
[1.0584767 1.0863198]
[1.06094616 1.08654313]
[1.06335163 1.08680421]
[1.06569468 1.08710279]
[1.06797841 1.0874386 ]
[1.07019761 1.08781135]
[1.07234977 1.08822074]
[1.07443772 1.08866649]
[1.07646084 1.08914827]
[1.07841181 1.08966576]
[1.08029911 1.09021863]
[1.08211369 1.09080653]
[1.08385671 1.09142911]
[1.08553128 1.09208601]
[1.08713094 1.09277684]
[1.08865871 1.09350123]
[1.09010845 1.09425877]
[1.09148583 1.09504908]
[1.09278086 1.09587171]
[1.09400195 1.09672627]
[1.09514161 1.0976123 ]
[1.09620203 1.09852936]
[1.09717819 1.09947701]
[1.0980701  1.10045476]
[1.09888232 1.10146216]
[1.0996098  1.10249871]
[1.10025067 1.10356392]
[1.10080229 1.10465729]
[1.10126553 1.1057783 ]
[1.10163934 1.10692643]
[1.10192188 1.10810115]
[1.1021132  1.10930191]
[1.10220874 1.11052817]
[1.10221375 1.11177936]
[1.10211884 1.11305491]
[1.10193041 1.11435424]
[1.10164091 1.11567676]
[1.10125256 1.11702187]
[1.10076407 1.11838896]
[1.10017415 1.11977741]
[1.09947778 1.1211866 ]
[1.09867866 1.12261588]
[1.09777337 1.12406461]
[1.09676106 1.12553214]
[1.09564177 1.12701779]
[1.09441308 1.1285209 ]
[1.09307083 1.13004077]
[1.09161638 1.13157672]
[1.09005193 1.13312803]
[1.0883674 1.134694 ]
[1.08657441 1.1362739 ]
[1.0846576  1.13786701]
[1.08262525 1.13947257]
[1.08047232 1.14108984]
[1.07819812 1.14271806]
[1.07579896 1.14435646]
[1.07327866 1.14600425]
[1.07063362 1.14766066]
[1.06786122 1.14932488]
[1.06496164 1.1509961 ]
[1.06193406 1.15267351]
[1.05877315 1.15435628]
[1.05548583 1.15604358]
[1.05206297 1.15773456]
[1.04850668 1.15942837]
[1.0448164  1.16112415]
[1.04098981 1.16282102]
[1.03702866 1.16451811]
[1.03292531 1.16621453]
[1.02868354 1.16790937]
[1.02430572 1.16960174]
[1.01978458 1.17129072]
[1.01511954 1.17297539]
[1.01031313 1.17465481]
[1.00536041 1.17632806]
[1.0002675  1.17799418]
[0.99502141 1.17965222]
[0.98963397 1.18130122]
[0.98409703 1.18294022]
[0.97841599 1.18456824]
[0.97258187 1.18618431]
[0.96660335 1.18778744]
[0.9604758  1.18937665]
[0.95419374 1.19095094]
[0.94776654 1.19250931]
[0.94118621 1.19405076]
[0.93445416 1.1955743 ]
[0.9275756  1.19707891]
[0.92054355 1.19856358]
[0.91336123 1.20002731]
[0.90602891 1.20146908]
[0.89854692 1.2028879 ]
[0.89091805 1.20428274]
[0.88313831 1.2056526 ]
[0.87520605 1.20699649]
[0.8671354  1.20831339]
[0.8589116  1.20960233]
[0.8505408 1.2108623]
[0.84202982 1.21209232]
[0.83337405 1.21329142]
[0.82457976 1.21445864]
[0.81564059 1.21559301]
[0.80656486 1.2166936 ]
[0.79735292 1.21775948]
[0.78800398 1.21878971]
[0.77852361 1.2197834 ]
[0.76891371 1.22073967]
[0.75917257 1.22165764]
[0.7493099  1.22253645]
[0.73932062 1.22337528]
[0.72921248 1.22417332]
[0.71898615 1.22492978]
[0.70865011 1.22564388]
[0.69819887 1.2263149 ]
[0.68763986 1.22694212]
[0.67697663 1.22752485]
[0.66621458 1.22806244]
[0.65535309 1.22855425]
[0.64440055 1.2289997 ]
[0.63335871 1.22939821]
[0.62223165 1.22974926]
[0.61102257 1.23005234]
[0.59973868 1.230307  ]
[0.58838215 1.23051281]
[0.57696082 1.23066937]
[0.56546672 1.23077635]
[0.55392044 1.23083342]
[0.54231748 1.2308403 ]
[0.5306659  1.23079676]
[0.51896618 1.23070261]
[0.50722833 1.23055769]
[0.49545351 1.23036187]
[0.48364976 1.23011509]
[0.47181366 1.2298173 ]
[0.45995713 1.22946851]
[0.44808947 1.22906876]
[0.43619852 1.22861814]
[0.42430603 1.22811676]
[0.41240583 1.2275648 ]
[0.40051056 1.22696244]
[0.38861524 1.22630993]
[0.37672951 1.22560755]
[0.36485738 1.22485559]
[0.35300629 1.22405442]
[0.34116931 1.22320441]
[0.32935993 1.22230599]
[0.31757895 1.22135959]
[0.30583071 1.22036571]
[0.2941181  1.21932485]
[0.28244613 1.21823756]
[0.27081323 1.2171044 ]
[0.25922649 1.21592598]
[0.24769064 1.21470293]
[0.23620369 1.21343588]
[0.22476759 1.21212552]
[0.21338927 1.21077253]
[0.20207163 1.20937765]
[0.19081431 1.20794159]
[0.17962315 1.20646514]
[0.16849164 1.20494905]
[0.15742744 1.20339412]
[0.14643523 1.20180115]
[0.13551207 1.20017097]
[0.12465886 1.1985044 ]
[0.11388075 1.19680231]
[0.10317605 1.19506553]
[0.09254213 1.19329494]
[0.08199403 1.19149141]
[0.07151625 1.18965582]
[0.06111706 1.18778907]
[0.05079323 1.18589204]
[0.04055257 1.18396564]
[0.03038869 1.18201078]
[0.020305   1.18002836]
[0.01029924 1.17801928]
[3.73539892e-04 1.17598447e+00]
[-0.00947258  1.17392483]
[-0.0192385   1.17184127]
[-0.02892576  1.16973473]
[-0.03853284  1.16760609]
[-0.04806125  1.16545628]
[-0.057511   1.1632862]
[-0.06688417  1.16109677]
[-0.07617767  1.15888888]
[-0.08539335  1.15666344]
[-0.0945379   1.15442134]
[-0.10360102  1.15216348]
[-0.11258958  1.14989074]
[-0.12150853  1.14760402]
[-0.13034788  1.1453042 ]
[-0.13911633  1.14299213]
[-0.14781397  1.14066871]
[-0.15643984  1.13833478]
[-0.16499309  1.13599122]
[-0.1734796   1.13363887]
[-0.18189615  1.13127857]
[-0.1902448   1.12891117]
[-0.19852659  1.1265375 ]
[-0.20674397  1.12415839]
[-0.21489116  1.12177465]
[-0.22297555  1.11938711]
[-0.23100342  1.11699657]
[-0.2389641   1.11460383]
[-0.24686636  1.11220968]
[-0.2547053   1.10981491]
[-0.26248897  1.1074203 ]
[-0.27020839  1.10502663]
[-0.27787782  1.10263465]
[-0.28548174  1.10024514]
[-0.29303979  1.09785882]
[-0.30053846  1.09547647]
[-0.30798239  1.09309881]
[-0.31537557  1.09072657]
[-0.3227146   1.08836048]
[-0.33000619  1.08600125]
[-0.33724595  1.08364959]
[-0.34443601  1.08130621]
[-0.35157751  1.0789718 ]
[-0.35867573  1.07664705]
[-0.36572157  1.07433264]
[-0.37272321  1.07202924]
[-0.37968212  1.06973753]
[-0.38659369  1.06745816]
[-0.39345916  1.06519178]
[-0.40028288  1.06293905]
[-0.40706598  1.06070059]
[-0.41380613  1.05847705]
[-0.42050389  1.05626904]
[-0.42716689  1.05407719]
[-0.43378361  1.0519021 ]
[-0.4403615   1.04974438]
[-0.44690154  1.04760462]
[-0.45340227  1.0454834 ]
[-0.45986741  1.04338132]
[-0.46628944  1.04129894]
[-0.47267778  1.03923684]
[-0.47902937  1.03719555]
[-0.48534702  1.03517565]
[-0.49162669  1.03317767]
[-0.4978713   1.03120215]
[-0.50407919  1.02924962]
[-0.51025113  1.02732059]
[-0.5163884   1.02541557]
[-0.52249397  1.02353508]
[-0.52856488  1.02167961]
[-0.53459553  1.01984964]
[-0.5405977   1.01804565]
[-0.54656731  1.01626811]
[-0.55250067  1.0145175 ]
[-0.55839768  1.01279425]
[-0.56426618  1.01109882]
[-0.57009865  1.00943164]
[-0.57589441  1.00779314]
[-0.58165789  1.00618374]
[-0.5873884   1.00460385]
[-0.59308468  1.00305386]
[-0.59874661  1.00153417]
[-0.60437699  1.00004516]
[-0.60996964  0.9985872 ]
[-0.61552736  0.99716066]
[-0.62105252  0.99576587]
[-0.62654196  0.99440319]
[-0.63199633  0.99307295]
[-0.63741592  0.99177547]
[-0.64279723  0.99051106]
[-0.64814354  0.98928002]
[-0.65345367  0.98808263]
[-0.65872695  0.98691919]
[-0.66396464  0.98578995]
[-0.66916339  0.98469518]
[-0.6743232   0.98363512]
[-0.67944671  0.98261   ]
[-0.68452901  0.98162005]
[-0.68957007  0.98066547]
[-0.69457392  0.97974648]
[-0.69953867  0.97886325]
[-0.70445652  0.97801597]
[-0.70933708  0.97720479]
[-0.71417669  0.97642988]
[-0.71896966  0.97569135]
[-0.72372194  0.97498936]
[-0.72842722  0.97432401]
[-0.73308885  0.97369539]
[-0.73770448  0.97310362]
[-0.74227263  0.97254875]
[-0.74679567  0.97203085]
[-0.75127048  0.97154998]
[-0.75569458  0.97110616]
[-0.76007136  0.97069944]
[-0.76439865  0.97032981]
[-0.76867291  0.96999728]
[-0.77289572  0.96970183]
[-0.77706525  0.96944344]
[-0.78118102  0.96922206]
[-0.78524428  0.96903763]
[-0.78925101  0.96889009]
[-0.79320294  0.96877936]
[-0.79709687  0.96870534]
[-0.8009329   0.96866792]
[-0.80471164  0.96866698]
[-0.80843002  0.96870237]
[-0.81208404  0.96877396]
[-0.81567755  0.96888158]
[-0.8192117   0.96902504]
[-0.82268082  0.96920417]
[-0.82608497  0.96941874]
[-0.82942119  0.96966855]
[-0.83269651  0.96995337]
[-0.83590139  0.97027293]
[-0.83903438  0.970627  ]
[-0.842102    0.97101529]
[-0.84509863  0.97143751]
[-0.84802292  0.97189337]
[-0.85087299  0.97238256]
[-0.85365329  0.97290474]
[-0.85635608  0.97345958]
[-0.85898377  0.97404673]
[-0.86153616  0.9746658 ]
[-0.86400986  0.97531644]
[-0.86640532  0.97599825]
[-0.86872064  0.9767108 ]
[-0.87095457  0.9774537 ]
[-0.87310856  0.97822651]
[-0.87517769  0.97902878]
[-0.87716574  0.97986006]
[-0.87906551  0.98071988]
[-0.88088079  0.98160776]
[-0.88260899  0.98252319]
[-0.88425088  0.98346568]
[-0.8858005   0.98443471]
[-0.88726237  0.98542974]
[-0.88863136  0.98645024]
[-0.88990973  0.98749565]
[-0.89109501  0.9885654 ]
[-0.89218798  0.98965892]
[-0.8931862   0.99077562]
[-0.89408537  0.99191488]
[-0.89488409  0.99307612]
[-0.8955938  0.9942587]
[-0.89619837  0.99546199]
[-0.89670559  0.99668533]
[-0.89711252  0.99792809]
[-0.89741738  0.9991896 ]
[-0.89761978  1.00046917]
[-0.89771379  1.00176612]
[-0.89770989  1.00307976]
[-0.89759886  1.00440938]
[-0.89737819  1.00575426]
[-0.89705448  1.00711368]
[-0.89662171  1.00848691]
[-0.89608057  1.00987319]
[-0.89542835  1.01127179]
[-0.89466705  1.01268192]
[-0.89379203  1.01410283]
[-0.89280828  1.01553374]
[-0.89171084  1.01697386]
[-0.89049928  1.01842238]
[-0.88917507  1.01987852]
[-0.88773568  1.02134146]
[-0.88618121  1.02281038]
[-0.88450597  1.02428445]
[-0.88271792  1.02576285]
[-0.88081235  1.02724473]
[-0.87879094  1.02872925]
[-0.87664822  1.03021556]
[-0.87438828  1.03170279]
[-0.87200514  1.03319009]
[-0.86950509  1.03467659]
[-0.86688454  1.03616142]
[-0.86414342  1.03764369]
[-0.86128265  1.03912253]
[-0.85829962  1.04059704]
[-0.85519299  1.04206635]
[-0.85196732  1.04352955]
[-0.84861963  1.04498575]
[-0.84514834  1.04643405]
[-0.84155615  1.04787355]
[-0.83783954  1.04930336]
[-0.8340029   1.05072256]
[-0.83004358  1.05213025]
[-0.82595816  1.05352553]
[-0.82175733  1.0549075 ]
[-0.81742776  1.05627525]
[-0.81298145  1.05762788]
[-0.80840914  1.0589645 ]
[-0.80372098  1.06028419]
[-0.79890821  1.06158608]
[-0.79397484  1.06286927]
[-0.78892597  1.06413287]
[-0.7837579  1.065376 ]
[-0.7784671   1.06659779]
[-0.77306199  1.06779736]
[-0.76753799  1.06897385]
[-0.76189801  1.07012641]
[-0.75613965  1.07125418]
[-0.75027295  1.07235633]
[-0.74428935  1.07343203]
[-0.73819103  1.07448046]
[-0.73198513  1.0755008 ]
[-0.72566785  1.07649227]
[-0.71924226  1.07745408]
[-0.71271126  1.07838545]
[-0.70606932  1.07928563]
[-0.6993241   1.08015388]
[-0.69247941  1.08098946]
[-0.68553307  1.08179167]
[-0.67848443  1.0825598 ]
[-0.67134107  1.08329319]
[-0.66409694  1.08399118]
[-0.65676104  1.08465312]
[-0.64933206  1.0852784 ]
[-0.64181395  1.08586641]
[-0.63420757  1.08641657]
[-0.62651466  1.08692834]
[-0.61873617  1.08740117]
[-0.6108765   1.08783455]
[-0.60293764  1.088228  ]
[-0.59492173  1.08858105]
[-0.58683087  1.08889327]
[-0.57866303  1.08916424]
[-0.57042698  1.08939357]
[-0.56212522  1.0895809 ]
[-0.55375611  1.0897259 ]
[-0.54532352  1.08982826]
[-0.53683212  1.0898877 ]
[-0.52828428  1.08990397]
[-0.51967862  1.08987685]
[-0.51102154  1.08980613]
[-0.50231587  1.08969166]
[-0.49356061  1.08953329]
[-0.48476074  1.08933091]
[-0.47592136  1.08908445]
[-0.46703763  1.08879385]
[-0.45812027  1.08845908]
[-0.4491697   1.08808016]
[-0.44018457  1.08765712]
[-0.43117076  1.08719002]
[-0.42213083  1.08667895]
[-0.41306637  1.08612403]
[-0.40398166  1.08552542]
[-0.39487646  1.08488329]
[-0.38575703  1.08419783]
[-0.3766224   1.08346928]
[-0.36747411  1.08269789]
[-0.35831757  1.08188396]
[-0.34915454  1.08102778]
[-0.33998479  1.08012968]
[-0.33081559  1.07919004]
[-0.32164342  1.07820923]
[-0.31247133  1.07718765]
[-0.30330703  1.07612573]
[-0.29414443  1.07502393]
[-0.2849892   1.07388272]
[-0.27584501  1.07270258]
[-0.26671246  1.07148404]
[-0.25759065  1.07022763]
[-0.24848328  1.0689339 ]
[-0.23939566  1.06760341]
[-0.23032366  1.06623677]
[-0.2212714   1.06483458]
[-0.2122404   1.06339745]
[-0.20322976  1.06192602]
[-0.19424376  1.06042095]
[-0.18528223  1.0588829 ]
[-0.17634572  1.05731255]
[-0.16743856  1.05571059]
[-0.15855604  1.05407773]
[-0.14970492  1.05241467]
[-0.14088507  1.05072216]
[-0.1320945   1.04900091]
[-0.12333695  1.04725168]
[-0.11460861  1.04547521]
[-0.10591634  1.04367228]
[-0.09725755  1.04184365]
[-0.08863158  1.03999009]
[-0.08004356  1.03811239]
[-0.07148949  1.03621133]
[-0.06297098  1.03428771]
[-0.05449027  1.03234232]
[-0.04604428  1.03037596]
[-0.03763625  1.02838943]
[-0.0292697   1.02638355]
[-0.02093616  1.02435912]
[-0.01264244  1.02231696]
[-0.004382    1.02025787]
[0.00383447 1.01818267]
[0.01201495 1.01609217]
[0.02015335 1.0139872 ]
[0.02825883 1.01186857]
[0.03632266 1.00973707]
[0.04435023 1.00759355]
[0.05234011 1.0054388 ]
[0.06028675 1.00327363]
[0.06820172 1.00109885]
[0.07607552 0.99891528]
[0.08391069 0.99672371]
[0.09171027 0.99452495]
[0.0994729 0.9923198]
[0.10719615 0.99010904]
[0.11487968 0.98789347]
[0.12253131 0.98567389]
[0.13014253 0.98345107]
[0.13771994 0.98122579]
[0.1452613  0.97899882]
[0.15276695 0.97677095]
[0.16023231 0.97454293]
[0.16766467 0.97231553]
[0.17506454 0.9700895 ]
[0.18242834 0.96786559]
[0.18975733 0.96564454]
[0.19704723 0.9634271 ]
[0.20430907 0.96121401]
[0.2115371  0.95900597]
[0.21872877 0.95680371]
[0.22588723 0.95460796]
[0.23301507 0.95241942]
[0.24010725 0.95023878]
[0.2471647  0.94806675]
[0.25419377 0.94590402]
[0.26119204 0.94375125]
[0.26815269 0.94160913]
[0.27508655 0.93947832]
[0.28198628 0.93735948]
[0.28885472 0.93525327]
[0.29569334 0.93316032]
[0.30250308 0.93108127]
[0.30927693 0.92901675]
[0.31602103 0.92696738]
[0.32273989 0.92493377]
[0.32942417 0.92291652]
[0.33607637 0.92091623]
[0.34269736 0.91893348]
[0.34929153 0.91696886]
[0.35585358 0.91502292]
[0.36238597 0.91309624]
[0.36888975 0.91118935]
[0.37536144 0.90930281]
[0.38180294 0.90743714]
[0.38821407 0.90559286]
[0.39459473 0.90377049]
[0.4009457  0.90197054]
[0.40726297 0.90019349]
[0.41355326 0.89843983]
[0.41981505 0.89671003]
[0.4260389  0.89500455]
[0.432239   0.89332384]
[0.43840406 0.89166837]
[0.44453817 0.89003853]
[0.45063896 0.88843477]
[0.45670964 0.88685749]
[0.46274937 0.88530709]
[0.46875272 0.88378395]
[0.47472717 0.88228846]
[0.48066479 0.88082097]
[0.48657221 0.87938185]
[0.49244428 0.87797143]
[0.49828412 0.87659003]
[0.50408861 0.875238  ]
[0.50985918 0.87391561]
[0.51558955 0.87262318]
[0.52129087 0.87136098]
[0.52695698 0.87012928]
[0.53257991 0.86892834]
[0.53816965 0.8677584 ]
[0.54371956 0.8666197 ]
[0.54923452 0.86551246]
[0.55470738 0.86443687]
[0.56014074 0.86339314]
[0.56553779 0.86238144]
[0.57089073 0.86140194]
[0.57620969 0.86045481]
[0.58147744 0.85954016]
[0.58671064 0.85865815]
[0.5918976  0.85780888]
[0.59704436 0.85699244]
[0.60214552 0.85620894]
[0.60720327 0.85545844]
[0.61221211 0.85474101]
[0.61717896 0.85405668]
[0.62209661 0.85340551]
[0.62696758 0.85278751]
[0.63179082 0.85220267]
[0.63656196 0.85165101]
[0.64129134 0.85113249]
[0.64596737 0.85064709]
[0.65059046 0.85019475]
[0.65516252 0.84977542]
[0.65968197 0.84938902]
[0.66415061 0.84903547]
[0.66856215 0.84871465]
[0.67292005 0.84842647]
[0.67722379 0.84817079]
[0.68146953 0.84794747]
[0.68565844 0.84775635]
[0.68979177 0.84759727]
[0.69386988 0.84747005]
[0.6978787  0.84737449]
[0.70183464 0.8473104 ]
[0.70572949 0.84727754]
[0.70955865 0.84727569]
[0.71332978 0.84730461]
[0.71703815 0.84736403]
[0.72068253 0.84745369]
[0.72425938 0.84757331]
[0.72777348 0.8477226 ]
[0.73121689 0.84790124]
[0.73459942 0.84810893]
[0.73791    0.84834533]
[0.74115486 0.84861011]
[0.74433102 0.84890291]
[0.74743525 0.84922336]
[0.75047236 0.84957111]
[0.75343275 0.84994575]
[0.75632434 0.8503469 ]
[0.75914461 0.85077416]
[0.76188913 0.8512271 ]
[0.76456251 0.8517053 ]
[0.7671553  0.85220832]
[0.76967735 0.85273571]
[0.77212173 0.85328702]
[0.77448585 0.85386179]
[0.77677719 0.85445954]
[0.77899325 0.85507979]
[0.78112642 0.85572204]
[0.78318192 0.8563858 ]
[0.78515451 0.85707054]
[0.78704973 0.85777576]
[0.78886279 0.85850094]
[0.79059439 0.85924553]
[0.79224321 0.86000899]
[0.79380756 0.86079078]
[0.79529039 0.86159033]
[0.79669205 0.8624071 ]
[0.79800574 0.8632405 ]
[0.79923731 0.86408996]
[0.80038259 0.8649549 ]
[0.80144222 0.86583472]
[0.80241422 0.86672884]
[0.8033027  0.86763665]
[0.80409936 0.86855754]
[0.80481157 0.8694909 ]
[0.80543716 0.87043613]
[0.8059728  0.87139258]
[0.80642295 0.87235965]
[0.80677742 0.87333669]
[0.80704822 0.87432307]
[0.80722925 0.87531815]
[0.80732212 0.8763213 ]
[0.80732153 0.87733186]
[0.80723055 0.87834918]
[0.80705023 0.87937262]
[0.80677945 0.88040151]
[0.80641798 0.88143519]
[0.80596608 0.88247301]
[0.8054225 0.8835143]
[0.80478216 0.8845584 ]
[0.80405763 0.88560463]
[0.80323998 0.88665235]
[0.80232876 0.88770086]
[0.80132819 0.8887495 ]
[0.80023293 0.8897976 ]
[0.79904776 0.8908445 ]
[0.79776881 0.89188951]
[0.79640127 0.89293196]
[0.79493925 0.89397118]
[0.79338606 0.89500651]
[0.79174196 0.89603726]
[0.79000783 0.89706278]
[0.78817803 0.89808238]
[0.78625946 0.8990954 ]
[0.78424874 0.90010119]
[0.78215096 0.90109907]
[0.7799613  0.90208838]
[0.77768    0.90306847]
[0.77530693 0.90403867]
[0.77284775 0.90499834]
[0.77029954 0.90594683]
[0.76765967 0.90688349]
[0.76493167 0.90780767]
[0.76211655 0.90871874]
[0.75921595 0.90961607]
[0.75622204 0.91049903]
[0.75314508 0.911367  ]
[0.74997601 0.91221935]
[0.74672768 0.91305548]
[0.74339308 0.91387478]
[0.73997074 0.91467664]
[0.73646843 0.91546048]
[0.73287867 0.91622571]
[0.72920598 0.91697174]
[0.72545234 0.91769801]
[0.72161719 0.91840395]
[0.71770174 0.91908901]
[0.71370698 0.91975263]
[0.70962961 0.92039427]
[0.70547876 0.92101341]
[0.70124546 0.92160953]
[0.69693557 0.9221821 ]
[0.69255128 0.92273064]
[0.68809025 0.92325464]
[0.6835563  0.92375362]
[0.67894896 0.92422712]
[0.67426918 0.92467467]
[0.66951839 0.92509582]
[0.66469694 0.92549014]
[0.65980584 0.9258572 ]
[0.6548486  0.92619658]
[0.64982199 0.92650789]
[0.64472709 0.92679073]
[0.6395674  0.92704472]
[0.63434452 0.92726951]
[0.62906089 0.92746473]
[0.62371472 0.92763006]
[0.61830536 0.92776518]
[0.61283816 0.92786975]
[0.6073116  0.92794351]
[0.60172831 0.92798616]
[0.59608824 0.92799743]
[0.59039284 0.92797707]
[0.58464836 0.92792484]
[0.57884692 0.92784052]
[0.57299654 0.9277239 ]
[0.56709321 0.92757479]
[0.56114437 0.927393  ]
[0.55514667 0.92717838]
[0.54910183 0.92693077]
[0.54301114 0.92665005]
[0.5368801  0.92633609]
[0.53070583 0.9259888 ]
[0.52448644 0.92560808]
[0.51823228 0.92519387]
[0.5119354  0.92474612]
[0.50560231 0.92426478]
[0.49923121 0.92374983]
[0.49282923 0.92320126]
[0.48638977 0.92261908]
[0.47991734 0.92200331]
[0.47341599 0.921354  ]
[0.46688249 0.92067118]
[0.46031707 0.91995495]
[0.45372892 0.91920537]
[0.44711002 0.91842255]
[0.44046487 0.91760661]
[0.43379849 0.91675766]
[0.42710647 0.91587587]
[0.42039189 0.91496137]
[0.41365729 0.91401436]
[0.4068999  0.91303502]
[0.40012696 0.91202355]
[0.39333675 0.91098016]
[0.38652336 0.90990509]
[0.37969797 0.90879857]
[0.37285443 0.90766087]
[0.3659973  0.90649227]
[0.35912681 0.90529302]
[0.35224519 0.90406345]
[0.34534809 0.90280385]
[0.3384452  0.90151454]
[0.33153059 0.90019586]
[0.32460536 0.89884816]
[0.317674   0.89747179]
[0.31073449 0.89606712]
[0.30378588 0.89463452]
[0. 0.]
